        t   Imag  Ierr
--------- ------ -----
91.078672 13.475 0.005
  8.30519 13.536 0.005
56.176531 12.939 0.005
76.145028 13.386 0.005
36.242697 13.535 0.005
51.206934 13.537 0.005
38.239227 13.446 0.005
96.093855 13.304 0.005
55.217594 13.027 0.005
88.131138 13.232 0.005
76.157061 13.387 0.005
91.127048 13.478 0.005
92.129868 13.534 0.005
90.140061 13.395 0.005
11.330699 13.371 0.005
79.194787  13.53 0.005
96.132007 13.293 0.005
 0.429478 12.955 0.005
 93.19034 13.524 0.005
22.397538 13.539 0.005
32.353138 13.236 0.005
49.218145 13.479 0.005
 9.344414 13.527 0.005
80.300599 13.426 0.005
40.432938 13.273 0.005
84.314939 12.952 0.005
31.385771 13.179 0.005
 7.386247 13.476 0.005
23.402514 13.528 0.005
42.445501 12.983 0.005
  2.54502 13.148 0.005
60.258848  13.23 0.005
20.362747 13.397 0.005
93.181402 13.528 0.005
26.376107 13.297 0.005
 2.456703 13.144 0.005
 18.40522 13.237 0.005
 22.40308 13.535 0.005
 9.590873 13.513 0.005
94.373205 13.416 0.005
96.203325 13.289 0.005
14.546423 12.971 0.005
57.486944 13.115 0.005
 31.57977 13.194 0.005
18.590903 13.253 0.005
20.476403 13.399 0.005
63.528864 13.504 0.005
26.549123 13.259 0.005
84.434911 12.986 0.005
30.559443 13.149 0.005
 6.626629 13.411 0.005
22.545716 13.539 0.005
80.405814  13.42 0.005
40.495253 13.259 0.005
28.577056  12.98 0.005
39.463966 13.346 0.005
89.295007 13.296 0.005
93.280457 13.518 0.005
57.403256 13.106 0.005
 7.530028 13.489 0.005
27.453495 12.967 0.005
47.394002 13.304 0.005
79.353909 13.516 0.005
95.339579 13.346 0.005
44.211651 13.142 0.005
 12.32693 13.302 0.005
88.109585 13.233 0.005
11.387733 13.368 0.005
71.228701   13.1 0.005
 33.24993 13.296 0.005
79.245361 13.532 0.005
74.280814 13.236 0.005
 9.393209 13.531 0.005
14.447589  12.96 0.005
35.315086 13.486 0.005
  69.2525 12.993 0.005
64.317353 13.534 0.005
40.364689 13.293 0.005
73.251523 13.182 0.005
35.419522 13.487 0.005
38.342242 13.425 0.005
83.137533 13.021 0.005
86.233473 13.133 0.005
60.331619 13.235 0.005
52.342392 13.436 0.005
13.426191   13.0 0.005
 1.560694 13.082 0.005
 3.519494 13.182 0.005
19.484591 13.316 0.005
21.460121 13.483 0.005
81.343959  13.36 0.005
13.585894 12.937 0.005
 1.585917 13.108 0.005
73.307202 13.184 0.005
89.231349 13.312 0.005
35.400081 13.488 0.005
 9.486227 13.524 0.005
81.276902 13.358 0.005
97.304039  12.99 0.005
57.402968 13.107 0.005
17.477877 13.185 0.005
89.428652 13.329 0.005
63.404618 13.489 0.005
  9.54411  13.52 0.005
53.484591 13.348 0.005
 13.50814 12.962 0.005
85.368755 13.112 0.005
76.282668 13.404 0.005
 26.39232 13.286 0.005
 1.504196 13.108 0.005
76.297791 13.406 0.005
 40.41239 13.282 0.005
33.442103 13.318 0.005
19.194703 13.298 0.005
75.090527 13.303 0.005
 79.10581 13.532 0.005
30.284742 13.145 0.005
35.253702 13.476 0.005
55.261889 13.005 0.005
17.249118 13.174 0.005
49.211352  13.48 0.005
96.148963 13.301 0.005
 4.395864 13.232 0.005
36.252358 13.535 0.005
40.322048 13.294 0.005
44.224018 13.143 0.005
36.241171 13.532 0.005
25.284354 13.371 0.005
43.255371 13.098 0.005
  7.32537  13.48 0.005
38.275514  13.43 0.005
26.339447 13.299 0.005
44.313604 13.148 0.005
 5.450163 13.312 0.005
78.128018 13.541 0.005
41.259657 13.016 0.005
57.406154 13.121 0.005
 2.490996 13.148 0.005
46.285837 13.238 0.005
20.373483 13.401 0.005
78.215791 13.538 0.005
 38.37574 13.436 0.005
 42.42878 12.961 0.005
57.346437 13.111 0.005
 3.392039 13.179 0.005
75.191324 13.313 0.005
63.329887 13.484 0.005
23.420366 13.522 0.005
11.422139 13.372 0.005
27.479356 12.957 0.005
 1.525282 13.108 0.005
17.449539  13.19 0.005
 5.408502 13.309 0.005
49.293543 13.479 0.005
93.280294 13.532 0.005
39.434896 13.354 0.005
 1.549045 13.108 0.005
 3.477095 13.184 0.005
 5.595665 13.317 0.005
21.419822 13.484 0.005
64.508123  13.54 0.005
67.324283 13.358 0.005
55.346886 12.976 0.005
29.492052 13.111 0.005
 87.40527 13.199 0.005
33.562532 13.321 0.005
36.540152  13.54 0.005
39.380632 13.363 0.005
55.377109  12.97 0.005
43.477632  13.11 0.005
87.318543  13.19 0.005
 4.472911 13.243 0.005
 6.491241 13.404 0.005
78.300376  13.54 0.005
24.451388 13.428 0.005
26.448708 13.278 0.005
 0.517934 12.967 0.005
86.341886 13.138 0.005
38.378198  13.44 0.005
26.476731 13.272 0.005
57.432745 13.117 0.005
 4.483127  13.25 0.005
20.554524 13.405 0.005
10.569967 13.424 0.005
83.283002 12.978 0.005
43.534051 13.112 0.005
74.422825 13.247 0.005
24.491227 13.428 0.005
55.485291 12.947 0.005
30.539647 13.157 0.005
46.488754 13.252 0.005
80.395288 13.423 0.005
41.485987 12.954 0.005
 0.608229 12.977 0.005
12.615949 13.262 0.005
75.017732 13.295 0.005
 2.323933 13.142 0.005
 9.266113 13.537 0.005
 32.25687 13.229 0.005
67.103004  13.37 0.005
87.132151 13.184 0.005
77.055464  13.48 0.005
66.215057 13.449 0.005
14.385479 12.958 0.005
90.059184 13.389 0.005
28.205579 12.935 0.005
 76.14631 13.395 0.005
65.244243  13.52 0.005
40.192979 13.316 0.005
42.225209  12.94 0.005
 2.336028 13.145 0.005
39.303732 13.365 0.005
60.238139 13.238 0.005
35.271985 13.488 0.005
81.258076 13.357 0.005
71.344149 13.117 0.005
86.205876 13.148 0.005
87.259409 13.186 0.005
77.343202 13.492 0.005
24.524484 13.416 0.005
28.426174 12.974 0.005
21.480187 13.488 0.005
 13.43043 12.984 0.005
50.342014 13.546 0.005
54.423004 13.273 0.005
86.310378 13.149 0.005
90.316598 13.413 0.005
94.303898 13.431 0.005
69.347954 12.958 0.005
87.264081 13.203 0.005
22.449296 13.541 0.005
76.300187 13.409 0.005
26.473179 13.281 0.005
 73.28961 13.175 0.005
  90.2701 13.412 0.005
82.301733 13.284 0.005
 1.246065 13.088 0.005
 4.275548 13.223 0.005
55.162779 13.032 0.005
59.102322 13.169 0.005
13.326214  13.02 0.005
45.216028  13.18 0.005
23.203714 13.536 0.005
28.240324  12.95 0.005
49.145071 13.469 0.005
38.231014 13.448 0.005
42.195034  12.93 0.005
 3.378583 13.173 0.005
38.276067 13.449 0.005
42.264347 12.931 0.005
46.221117 13.236 0.005
12.395956 13.293 0.005
57.257597 13.106 0.005
18.290226 13.241 0.005
63.211467 13.482 0.005
 51.28184  13.52 0.005
68.225967 13.296 0.005
70.254557 12.953 0.005
45.260633 13.175 0.005
47.327793 13.313 0.005
92.202924 13.545 0.005
40.310976 13.297 0.005
 70.30598 12.963 0.005
59.206043  13.18 0.005
89.303347 13.318 0.005
49.377076 13.482 0.005
96.160107 13.301 0.005
 86.23003 13.139 0.005
60.297276 13.269 0.005
20.540925 13.406 0.005
23.441905 13.557 0.005
25.511895 13.355 0.005
55.449599 12.953 0.005
43.384332 13.106 0.005
 4.539611 13.245 0.005
76.304846 13.399 0.005
91.272273 13.489 0.005
 9.509761 13.517 0.005
81.273286 13.358 0.005
41.386425 12.974 0.005
85.264136 13.108 0.005
45.441645 13.187 0.005
76.388059 13.415 0.005
23.525571 13.518 0.005
14.435604 12.955 0.005
 3.539297 13.192 0.005
90.283989 13.404 0.005
51.351368 13.529 0.005
26.537494 13.272 0.005
   3.4786 13.182 0.005
64.278918 13.539 0.005
44.336084 13.142 0.005
81.268168 13.368 0.005
25.416223  13.37 0.005
83.020551 13.057 0.005
60.119817 13.231 0.005
15.286689 13.086 0.005
16.244799 13.144 0.005
10.310972  13.46 0.005
47.199506 13.305 0.005
34.199599 13.392 0.005
 8.323845 13.531 0.005
11.287805 13.366 0.005
 82.11375 13.306 0.005
 84.98005 13.083 0.005
32.297312 13.239 0.005
25.297675  13.37 0.005
30.330025 13.146 0.005
33.238215 13.297 0.005
22.225018 13.536 0.005
24.298408 13.457 0.005
31.206408 13.177 0.005
20.205311 13.384 0.005
22.210161 13.532 0.005
95.113876  13.38 0.005
13.428904 12.986 0.005
42.135248 12.926 0.005
73.121402 13.171 0.005
75.108202 13.307 0.005
91.128619 13.481 0.005
23.348964 13.525 0.005
42.210001 12.944 0.005
16.458367 13.148 0.005
17.342517 13.186 0.005
89.059372 13.298 0.005
   7.3101 13.473 0.005
  10.4839 13.438 0.005
39.302504 13.369 0.005
84.238165 12.954 0.005
86.283105 13.146 0.005
62.203921 13.391 0.005
 22.38243 13.539 0.005
86.216538 13.146 0.005
95.329078 13.358 0.005
56.401937 12.968 0.005
74.334234 13.241 0.005
 50.36514 13.539 0.005
 1.545862 13.118 0.005
 59.35196  13.19 0.005
48.443793 13.414 0.005
 69.29391 12.993 0.005
23.495232 13.528 0.005
79.217523 13.528 0.005
21.360168  13.48 0.005
 8.452287 13.532 0.005
13.260707 13.039 0.005
47.135441 13.285 0.005
 11.18321 13.376 0.005
 2.319133 13.137 0.005
36.208367  13.54 0.005
53.195224 13.371 0.005
43.098077 13.081 0.005
 35.19053 13.467 0.005
52.169447 13.456 0.005
58.145127 13.143 0.005
62.107067 13.382 0.005
  52.1008 13.465 0.005
 1.269182 13.089 0.005
34.192166  13.39 0.005
42.172476 12.939 0.005
34.303489 13.384 0.005
93.198867 13.526 0.005
42.247209  12.94 0.005
59.316056 13.186 0.005
18.248895 13.235 0.005
 90.12098  13.38 0.005
80.198483 13.452 0.005
 97.22596 12.984 0.005
87.143423 13.191 0.005
51.227292 13.526 0.005
53.237012 13.372 0.005
15.348961 13.101 0.005
59.266602 13.177 0.005
 6.488654  13.41 0.005
79.218899 13.525 0.005
12.395914 13.293 0.005
58.230535  13.13 0.005
33.348511 13.309 0.005
51.369338 13.519 0.005
   0.5236 12.964 0.005
  4.50064 13.242 0.005
93.249252 13.524 0.005
68.269758 13.298 0.005
44.378594 13.142 0.005
89.263045 13.316 0.005
 24.38516 13.442 0.005
12.445803 13.293 0.005
56.401704 12.966 0.005
91.260718 13.498 0.005
 39.39075 13.362 0.005
28.391943 12.959 0.005
 6.490649 13.402 0.005
 50.40607 13.538 0.005
11.487879 13.366 0.005
 54.37831 13.285 0.005
71.222687 13.093 0.005
73.331847 13.189 0.005
