              t   Imag  Ierr
--------------- ------ -----
      78.896355 13.652 0.006
      58.662283 13.377 0.006
       19.22679 13.513 0.006
      90.940555 13.567 0.006
      49.492062 13.608 0.006
      41.345811 13.341 0.006
      60.482902 13.467 0.006
      62.421702 13.548 0.006
       35.14034 13.605 0.006
       36.18508 13.652 0.006
       8.923218 13.675 0.006
      94.739434  13.63 0.006
      81.639603 13.556 0.006
      68.505742 13.488 0.006
      86.605653 13.363 0.006
      59.241541 13.414 0.006
       3.792387  13.45 0.006
      33.075799 13.502 0.006
       48.12859 13.543 0.006
       3.505946 13.447 0.006
      21.722367 13.639 0.006
      52.007049 13.641 0.006
      27.723497 13.282 0.006
       0.382405 13.271 0.006
      57.955699 13.335 0.006
      90.280951 13.527 0.006
      34.675627 13.581 0.006
      49.796548 13.618 0.006
      66.881849 13.598 0.006
       3.257264  13.43 0.006
      20.302735 13.583 0.006
       9.247264 13.663 0.006
      10.151384 13.633 0.006
      67.763688 13.536 0.006
       97.06525 13.451 0.006
       98.03009 13.323 0.006
      61.632947 13.522 0.006
      78.658368  13.66 0.006
      95.845289  13.55 0.006
      83.752178 13.339 0.006
      44.348585 13.364 0.006
      87.746688 13.412 0.006
       4.923662 13.488 0.006
      90.782728 13.552 0.006
      92.741868 13.641 0.006
      38.230144 13.631 0.006
      97.828158 13.344 0.006
      28.047323  13.26 0.006
      46.042844 13.463 0.006
      32.973253 13.481 0.006
       6.636991  13.59 0.006
      93.473057 13.643 0.006
      95.515127 13.569 0.006
      55.092804 13.389 0.006
      29.765982 13.345 0.006
      88.359506 13.428 0.006
      62.123494 13.522 0.006
      25.671971 13.517 0.006
      55.996463  13.28 0.006
      44.813062 13.395 0.006
       18.55604 13.484 0.006
       21.57689 13.632 0.006
      95.269275 13.585 0.006
      85.123994  13.26 0.006
      75.961733 13.512 0.006
       35.54942 13.625 0.006
      52.681311 13.608 0.006
      56.675231 13.259 0.006
      75.808382 13.516 0.006
       9.158317 13.654 0.006
       53.57514 13.547 0.006
      13.153257 13.329 0.006
       1.012786 13.304 0.006
      45.428889 13.415 0.006
      33.286358 13.507 0.006
      77.689431 13.624 0.006
      88.611841 13.439 0.006
      95.658501  13.58 0.006
      43.067117  13.29 0.006
       2.649054 13.398 0.006
       4.643314 13.486 0.006
      20.771455 13.587 0.006
      36.928766 13.651 0.006
      60.051397 13.439 0.006
       5.564123 13.533 0.006
      65.113557 13.657 0.006
      39.721215 13.532 0.006
      83.128998 13.435 0.006
       4.289602 13.462 0.006
       5.311902 13.516 0.006
      62.860986 13.562 0.006
       7.397242 13.615 0.006
      93.228698 13.648 0.006
      80.078047 13.652 0.006
      81.058287 13.605 0.006
       2.145791  13.39 0.006
      10.178161 13.618 0.006
      11.225201 13.541 0.006
      54.610974 13.447 0.006
      69.699445 13.343 0.006
      84.878786 13.254 0.006
      85.829386 13.313 0.006
      18.146411 13.462 0.006
      90.864296 13.543 0.006
      51.411243 13.646 0.006
      71.508034  13.29 0.006
       2.828639 13.415 0.006
      47.228972 13.506 0.006
      76.555204  13.55 0.006
      77.515354 13.599 0.006
       21.93626 13.646 0.006
      52.199912 13.634 0.006
       24.94068 13.577 0.006
      55.222272 13.384 0.006
      84.523894  13.27 0.006
      44.107491 13.362 0.006
      59.231772 13.407 0.006
        31.9728  13.45 0.006
       4.639218 13.511 0.006
      19.828739 13.549 0.006
      77.385453 13.598 0.006
      50.090331 13.638 0.006
       8.691108 13.652 0.006
      80.333563  13.64 0.006
      81.290493 13.586 0.006
      25.774879 13.513 0.006
      26.820449 13.399 0.006
      13.655898 13.283 0.006
      57.075491 13.285 0.006
      58.091901 13.358 0.006
      73.216902 13.401 0.006
      31.784309  13.44 0.006
      65.054041 13.652 0.006
      37.840049 13.634 0.006
      81.189752 13.601 0.006
      39.757939 13.526 0.006
      98.351113 13.289 0.006
      85.172172  13.27 0.006
       1.334136 13.337 0.006
      87.167392 13.402 0.006
      45.764129  13.43 0.006
       62.87754  13.58 0.006
      35.605478 13.619 0.006
      52.735029 13.612 0.006
      96.158492 13.531 0.006
      40.602858 13.454 0.006
      98.159432 13.324 0.006
      42.638468 13.267 0.006
      44.595288 13.393 0.006
      17.327436 13.427 0.006
       5.162935  13.51 0.006
      62.700519 13.565 0.006
      35.504877 13.612 0.006
      93.014151 13.651 0.006
      31.228906 13.425 0.006
      61.539878 13.503 0.006
       7.982484 13.661 0.006
      38.292516 13.617 0.006
      14.988494 13.289 0.006
      31.073465 13.409 0.006
      19.989704 13.562 0.006
       9.785333 13.636 0.006
      83.509288 13.371 0.006
       2.682662 13.414 0.006
      76.367817 13.541 0.006
       9.654892 13.638 0.006
      72.216096 13.343 0.006
       3.568041 13.451 0.006
       7.520851 13.633 0.006
      81.218586 13.599 0.006
      70.093975 13.284 0.006
      74.060985 13.437 0.006
      78.087135 13.636 0.006
      68.934054 13.438 0.006
       14.40617 13.261 0.006
       18.37662 13.487 0.006
      77.956604 13.619 0.006
      71.999865 13.321 0.006
      73.056275 13.386 0.006
      94.209976 13.652 0.006
       12.39718 13.436 0.006
      43.684112 13.319 0.006
      54.618172 13.453 0.006
0.0698579999999 13.259 0.006
      57.561692  13.31 0.006
      44.523101 13.389 0.006
       32.37466 13.465 0.006
      51.500931 13.655 0.006
      96.898504 13.464 0.006
      97.939794 13.329 0.006
      60.512951 13.457 0.006
      75.681672 13.507 0.006
      91.747493 13.601 0.006
       8.935737 13.652 0.006
      26.080208 13.488 0.006
      84.616242 13.265 0.006
      14.982707 13.288 0.006
       1.717246 13.341 0.006
       2.803326 13.413 0.006
      74.491131 13.448 0.006
       5.727696 13.538 0.006
      21.854307 13.627 0.006
      79.443661 13.648 0.006
       66.32005 13.625 0.006
      81.471761  13.56 0.006
       69.25864 13.385 0.006
      29.914267 13.349 0.006
      59.214629 13.408 0.006
      88.461381 13.443 0.006
      62.151779 13.531 0.006
      67.101859 13.585 0.006
      97.389001 13.409 0.006
      44.803407 13.396 0.006
       90.26233 13.525 0.006
      49.861607 13.612 0.006
      51.809217 13.647 0.006
      25.567105  13.52 0.006
      43.723026 13.325 0.006
      74.946118 13.465 0.006
      62.785967  13.56 0.006
      50.643686 13.648 0.006
      52.649596 13.611 0.006
       0.113532 13.273 0.006
      16.227753  13.38 0.006
      62.641826 13.563 0.006
      64.638156 13.638 0.006
      24.162293 13.631 0.006
      27.223653 13.343 0.006
      29.201043 13.298 0.006
       2.937361 13.422 0.006
      33.174653 13.506 0.006
       6.925371 13.601 0.006
       8.903601 13.655 0.006
       9.917871 13.623 0.006
      81.579506 13.565 0.006
      68.469895 13.487 0.006
      41.164253 13.364 0.006
      98.696747 13.266 0.006
      58.283784 13.372 0.006
        2.76301 13.417 0.006
      33.018272 13.495 0.006
      48.106953 13.544 0.006
      77.462195 13.594 0.006
        8.72417 13.654 0.006
       10.70906 13.577 0.006
      40.997142 13.399 0.006
      49.054032 13.584 0.006
      52.016552  13.64 0.006
      12.612799 13.403 0.006
       0.464118 13.268 0.006
      87.184004 13.416 0.006
      75.142483 13.486 0.006
      20.574039 13.577 0.006
      94.214544 13.643 0.006
       39.69702 13.535 0.006
      84.118693 13.301 0.006
      15.405238 13.323 0.006
      17.424058  13.43 0.006
      76.975572 13.575 0.006
      95.060543 13.614 0.006
      27.430128 13.311 0.006
       58.67999 13.375 0.006
      19.258027 13.509 0.006
       64.66296  13.65 0.006
      96.943932  13.47 0.006
      16.115296 13.378 0.006
      19.090466 13.502 0.006
      49.392278 13.619 0.006
      65.528679 13.668 0.006
      25.087146 13.562 0.006
      41.225237 13.365 0.006
        85.6399 13.288 0.006
      16.971935 13.411 0.006
      61.383038 13.488 0.006
      22.962305 13.657 0.006
        93.6677 13.652 0.006
      13.808424 13.262 0.006
      79.380198 13.655 0.006
      25.803524 13.504 0.006
      31.795994 13.435 0.006
      18.698693 13.488 0.006
      35.778764 13.635 0.006
      68.119606 13.517 0.006
      40.761364 13.414 0.006
      45.681064 13.441 0.006
      46.730924 13.467 0.006
      11.316341 13.542 0.006
      43.568543 13.324 0.006
      87.953576 13.421 0.006
      81.847475 13.548 0.006
      54.612213 13.456 0.006
      29.267631 13.314 0.006
      72.802324 13.391 0.006
        17.2323 13.433 0.006
       18.17979 13.464 0.006
      89.862565 13.508 0.006
       6.043729 13.568 0.006
      50.408702 13.652 0.006
      80.695614 13.625 0.006
      41.270201 13.348 0.006
      72.571653 13.366 0.006
      48.243161 13.552 0.006
      21.965779 13.643 0.006
      94.731584 13.626 0.006
      25.973829   13.5 0.006
      14.790348 13.278 0.006
      58.204571 13.355 0.006
      88.437463 13.446 0.006
       5.609157 13.549 0.006
      20.840358 13.591 0.006
      21.879218 13.635 0.006
      23.810758  13.64 0.006
       54.05092 13.509 0.006
      70.182521  13.29 0.006
      88.286002 13.438 0.006
      76.163651 13.532 0.006
      35.694848 13.638 0.006
      95.255762 13.604 0.006
      85.092771 13.264 0.006
       2.272255 13.399 0.006
       74.93921 13.469 0.006
      35.623657 13.621 0.006
      23.403006 13.666 0.006
      11.286595 13.535 0.006
      69.790839 13.321 0.006
        86.9717 13.386 0.006
      50.593447 13.644 0.006
      11.134294 13.544 0.006
      43.436766 13.308 0.006
      88.819599 13.464 0.006
      93.864209 13.676 0.006
      82.633858  13.48 0.006
      52.233675 13.627 0.006
      16.860872 13.413 0.006
      34.999873   13.6 0.006
       8.727791 13.659 0.006
      42.979103  13.28 0.006
      21.696741 13.625 0.006
      39.820272 13.523 0.006
      31.729971 13.426 0.006
       26.54482  13.43 0.006
      58.847742 13.399 0.006
      19.448379 13.525 0.006
      75.941373 13.515 0.006
      98.101164 13.296 0.006
      90.945903 13.559 0.006
      10.113557 13.604 0.006
       1.967886 13.365 0.006
       3.929546 13.453 0.006
      19.053207 13.511 0.006
      21.098587 13.606 0.006
       65.46993 13.646 0.006
      25.114957 13.554 0.006
      12.918656 13.345 0.006
      85.673501 13.286 0.006
       1.802805  13.35 0.006
       2.821915   13.4 0.006
      48.223688 13.536 0.006
       7.810325 13.635 0.006
      66.317639 13.625 0.006
      40.003567 13.496 0.006
      70.318739 13.265 0.006
       90.54492 13.539 0.006
      22.682095 13.652 0.006
      84.287439 13.275 0.006
      62.044867 13.523 0.006
      20.638154 13.566 0.006
      80.166508 13.638 0.006
      96.330149  13.52 0.006
      70.009807 13.283 0.006
      87.092938 13.386 0.006
      19.428573   13.5 0.006
      77.892747 13.611 0.006
      51.595555 13.662 0.006
      96.042038 13.518 0.006
      84.905657  13.25 0.006
      87.871957 13.406 0.006
      35.357733 13.597 0.006
      41.391053 13.315 0.006
      71.606855 13.314 0.006
      59.445484 13.416 0.006
      19.087161 13.496 0.006
      90.801206 13.546 0.006
      49.363203 13.608 0.006
        7.93605 13.648 0.006
      65.490424 13.656 0.006
       11.93249 13.487 0.006
       13.96075 13.263 0.006
       2.752099 13.393 0.006
       16.91183 13.402 0.006
      75.449184 13.493 0.006
      49.107532 13.584 0.006
      79.541224 13.634 0.006
      39.015951 13.569 0.006
       2.581048 13.399 0.006
      89.421474 13.494 0.006
      77.249983 13.582 0.006
      93.360144 13.658 0.006
      24.687949 13.584 0.006
      27.685069 13.285 0.006
      72.092182 13.337 0.006
      18.524868 13.492 0.006
       49.84197 13.625 0.006
      23.578228 13.644 0.006
      96.236353 13.519 0.006
      84.099632 13.295 0.006
      89.114562 13.472 0.006
       63.79844 13.609 0.006
      39.603058 13.537 0.006
      56.687189 13.264 0.006
      59.767279 13.431 0.006
       8.121755 13.637 0.006
      55.535968 13.331 0.006
      31.261286 13.416 0.006
       91.78571 13.612 0.006
      11.966514 13.484 0.006
      16.964224 13.425 0.006
      92.672039 13.639 0.006
      96.678589 13.491 0.006
      88.501418 13.448 0.006
      51.086715 13.659 0.006
      26.838293 13.387 0.006
      50.522878  13.66 0.006
      39.128105 13.576 0.006
      44.123095 13.353 0.006
      80.373277 13.636 0.006
      40.980974 13.399 0.006
      13.457121  13.29 0.006
      28.676252 13.275 0.006
        2.41013 13.406 0.006
      60.943044 13.471 0.006
       11.36406 13.529 0.006
      58.757273 13.388 0.006
      93.987265 13.663 0.006
      95.985705 13.547 0.006
      55.560382 13.337 0.006
      58.567502 13.381 0.006
      46.422551 13.468 0.006
       34.27891 13.561 0.006
      92.819274 13.642 0.006
      95.790224 13.571 0.006
      97.803514 13.361 0.006
      32.050129 13.456 0.006
      75.461542 13.504 0.006
      19.977158 13.564 0.006
      80.503042 13.636 0.006
      83.600122 13.369 0.006
      71.404131 13.299 0.006
      31.893608 13.451 0.006
      38.893298 13.585 0.006
      97.413682 13.414 0.006
      27.816337  13.27 0.006
      85.350321  13.29 0.006
      58.969159   13.4 0.006
      45.841048 13.438 0.006
       6.479895 13.579 0.006
      23.615036 13.654 0.006
      39.733477 13.532 0.006
      41.729827 13.313 0.006
      57.905928 13.347 0.006
      60.856388 13.487 0.006
      62.856738  13.58 0.006
      36.570536 13.658 0.006
      52.689907 13.602 0.006
      12.265374  13.46 0.006
      45.575116  13.43 0.006
      89.940989 13.512 0.006
      91.920969 13.623 0.006
      51.578796 13.652 0.006
      82.734408 13.496 0.006
      84.807228 13.273 0.006
      44.368275  13.39 0.006
      46.417865 13.466 0.006
      90.840378  13.56 0.006
      22.083673 13.661 0.006
      94.808668 13.652 0.006
      68.568866  13.49 0.006
      58.423075 13.381 0.006
      18.926432 13.504 0.006
      35.130963 13.604 0.006
      94.620837  13.64 0.006
      69.381655 13.372 0.006
      15.885671 13.372 0.006
      88.518666 13.449 0.006
      78.388975 13.652 0.006
      68.273724 13.512 0.006
      90.374785 13.526 0.006
      76.274654 13.534 0.006
      65.119493 13.681 0.006
       26.68012 13.408 0.006
      59.958602 13.436 0.006
      50.821881 13.657 0.006
      15.399938 13.332 0.006
      89.112143 13.486 0.006
      24.426398 13.613 0.006
      22.515029 13.654 0.006
      95.219564 13.596 0.006
      69.961762 13.304 0.006
      70.810871 13.262 0.006
       62.52684 13.571 0.006
      51.362949 13.654 0.006
      79.801601 13.644 0.006
      94.865522 13.618 0.006
      25.247407 13.545 0.006
      44.355648 13.376 0.006
      47.388928 13.495 0.006
      92.794371 13.639 0.006
      37.279927 13.655 0.006
      10.924565 13.568 0.006
      96.791161 13.478 0.006
      69.538639 13.361 0.006
      42.283067 13.266 0.006
      44.173807 13.357 0.006
      62.207988 13.531 0.006
      77.318959 13.586 0.006
      35.115256 13.594 0.006
      65.361678 13.657 0.006
      52.226007 13.634 0.006
      26.880625  13.38 0.006
      85.489019 13.287 0.006
      61.198327  13.49 0.006
      53.085526 13.573 0.006
      39.972035 13.518 0.006
      40.942045 13.398 0.006
      13.666923 13.274 0.006
      28.835504 13.282 0.006
      44.988925 13.408 0.006
      32.845034 13.492 0.006
       9.525392 13.658 0.006
      52.889165 13.587 0.006
      25.607673 13.524 0.006
      12.544742 13.415 0.006
      27.601203 13.294 0.006
      14.446212 13.272 0.006
      72.971216 13.392 0.006
      60.819745 13.476 0.006
      76.933716 13.567 0.006
      65.754645 13.641 0.006
      81.950386 13.546 0.006
0.0706400000002 13.261 0.006
      74.764115 13.466 0.006
         7.0522 13.609 0.006
      25.246171 13.548 0.006
       13.07596 13.345 0.006
      60.490863 13.461 0.006
      48.320402 13.551 0.006
      49.351672 13.606 0.006
      93.722425 13.656 0.006
       25.06498 13.556 0.006
      70.501133 13.261 0.006
      15.952709 13.365 0.006
      74.510363 13.453 0.006
      64.260802 13.633 0.006
       9.795488  13.63 0.006
      68.347322 13.504 0.006
      86.469553 13.355 0.006
       3.662917 13.456 0.006
       6.671437   13.6 0.006
      22.824218  13.66 0.006
      24.819318 13.578 0.006
      71.234721 13.282 0.006
      87.321902 13.401 0.006
      76.171151  13.53 0.006
      49.928839 13.633 0.006
       9.514366 13.645 0.006
      54.811659 13.436 0.006
      42.717568 13.277 0.006
      87.116241 13.393 0.006
      32.573397 13.475 0.006
       6.287405  13.57 0.006
      37.621827 13.655 0.006
      11.316985 13.539 0.006
      98.101541 13.319 0.006
      57.714698 13.331 0.006
      79.862119 13.666 0.006
      67.745138 13.545 0.006
      68.687218 13.478 0.006
      84.833289  13.27 0.006
       2.964623 13.435 0.006
      48.439716 13.564 0.006
      38.285355 13.627 0.006
      27.147574 13.349 0.006
      45.331325 13.419 0.006
      19.035293 13.504 0.006
      24.043013  13.63 0.006
      54.336015 13.498 0.006
      84.591857 13.269 0.006
      59.318115 13.415 0.006
      91.582737 13.598 0.006
      30.838692 13.399 0.006
      71.095194 13.265 0.006
       20.56023 13.579 0.006
       7.346619 13.616 0.006
      35.718861 13.612 0.006
       22.43254 13.651 0.006
       24.50569 13.597 0.006
      44.621241  13.38 0.006
      22.366249 13.642 0.006
       41.47785 13.323 0.006
      71.790212 13.316 0.006
      31.338629 13.416 0.006
      89.903583 13.509 0.006
       49.41734  13.61 0.006
      92.832233 13.644 0.006
      39.329779 13.551 0.006
       56.41129 13.257 0.006
      16.020767  13.37 0.006
       2.917486 13.415 0.006
       3.925166 13.452 0.006
      20.021557 13.554 0.006
      77.588971 13.603 0.006
      78.596591 13.661 0.006
      38.202468 13.624 0.006
       68.40762  13.49 0.006
      17.867466 13.448 0.006
      33.959257 13.546 0.006
       8.663755 13.656 0.006
      38.953347 13.576 0.006
       84.37008  13.28 0.006
      61.086288  13.48 0.006
      75.286159 13.485 0.006
      35.846836 13.631 0.006
      42.789416 13.273 0.006
      59.923297 13.432 0.006
      93.186429 13.649 0.006
      52.807726 13.621 0.006
      56.733306 13.256 0.006
      44.605685 13.386 0.006
      88.997458  13.45 0.006
      90.984128 13.569 0.006
      64.699576 13.651 0.006
      83.872357 13.322 0.006
      30.371913 13.392 0.006
      46.446434 13.464 0.006
      20.147572 13.558 0.006
       7.982181 13.651 0.006
      24.120732 13.619 0.006
      40.255143 13.487 0.006
      28.090882 13.262 0.006
        0.87812 13.302 0.006
      32.072782 13.452 0.006
      35.118622 13.602 0.006
        8.82584  13.66 0.006
      53.244713 13.568 0.006
      55.257593 13.371 0.006
      28.975411 13.301 0.006
      30.038631 13.362 0.006
       18.80271 13.487 0.006
      76.438904 13.553 0.006
      77.410814 13.587 0.006
      51.071472 13.668 0.006
      38.961041 13.583 0.006
      12.711819 13.384 0.006
      57.145272 13.278 0.006
      45.965911 13.442 0.006
      62.105302  13.53 0.006
      78.256423 13.637 0.006
      66.097242  13.66 0.006
      25.742509 13.517 0.006
      56.001711 13.291 0.006
      62.973311 13.593 0.006
      93.275573 13.662 0.006
      95.298313 13.603 0.006
      71.026971 13.277 0.006
      73.993631 13.432 0.006
       61.86691 13.533 0.006
      81.018321 13.609 0.006
      85.015591 13.273 0.006
       2.205755 13.397 0.006
      23.316746 13.647 0.006
      29.298886 13.297 0.006
