             t   Imag  Ierr
-------------- ------ -----
    43.7421368 14.283 0.006
    86.0683436 14.398 0.006
    76.7004319 14.495 0.006
    88.9876336 14.469 0.006
    68.4244602  14.44 0.006
    18.7142717  14.05 0.006
    61.0434385 14.088 0.006
    84.6865819 14.285 0.006
    92.6558919 14.038 0.006
      22.34686 14.283 0.006
    44.9718634 14.439 0.006
    77.9775485 14.576 0.006
    85.0300585 14.304 0.006
      34.36593 14.407 0.006
    66.3754551 14.513 0.006
    83.6760768 14.138 0.006
    33.0101483 14.286 0.006
    34.0291683 14.361 0.006
    34.9999683 14.458 0.006
    88.6336368  14.54 0.006
      48.32167 14.238 0.006
    69.9938434 14.009 0.006
    70.9068934 14.091 0.006
    71.5882117 14.066 0.006
    51.9215283 14.025 0.006
    83.8784134 14.208 0.006
    33.3716949 14.319 0.006
      65.34039 14.392 0.006
    14.5389415 14.481 0.006
    63.8391883 14.298 0.006
    85.5216417 14.358 0.006
    86.5324517 14.438 0.006
    15.1823298 14.544 0.006
    47.1548049  14.54 0.006
    91.4837417 14.073 0.006
    52.1477449 14.049 0.006
    52.2422149 14.055 0.006
     1.5102764 14.271 0.006
    23.1749598 14.328 0.006
       89.1769 14.409 0.006
    79.8575283 14.057 0.006
     8.5388764 14.083 0.006
    40.5805115 14.068 0.006
    51.8966632 14.014 0.006
    35.1364498 14.496 0.006
    51.5302015 14.016 0.006
    53.5233015 14.285 0.006
      2.799653 14.349 0.006
    24.4182364 14.457 0.006
    58.4786715 14.314 0.006
     2.4992513 14.328 0.006
     14.796403 14.511 0.006
    77.7918432 14.575 0.006
    38.4259464 14.097 0.006
    60.1330298  14.07 0.006
     19.743423 14.095 0.006
    41.3684264 14.005 0.006
    42.3650764 14.161 0.006
    53.7050781 14.322 0.006
    54.6792981 14.398 0.006
    14.3750313 14.478 0.006
     25.912403 14.582 0.006
    47.5193664   14.5 0.006
    69.2180998 14.182 0.006
    70.0417798 14.027 0.006
    22.3764013 14.269 0.006
     33.714343 14.344 0.006
    76.0439998 14.433 0.006
    55.5802864 14.456 0.006
    15.0403896 14.563 0.006
    25.5042213 14.567 0.006
    25.5826413 14.579 0.006
    26.3929513 14.563 0.006
     5.8699979 14.545 0.006
    27.4709913 14.329 0.006
    69.6907581  14.03 0.006
    81.0612698   14.1 0.006
    70.7942181  14.08 0.006
     40.701273 14.071 0.006
     40.854933  14.05 0.006
    22.0189696 14.239 0.006
     2.4480662 14.322 0.006
    24.0914596 14.401 0.006
     45.686723 14.518 0.006
     45.934583 14.524 0.006
    67.3764964 14.575 0.006
    89.1135598 14.445 0.006
    38.3984213  14.11 0.006
     8.4785762 14.052 0.006
     50.729933  14.09 0.006
     0.0350645 14.011 0.006
    20.7937979 14.018 0.006
    41.5271813 14.018 0.006
     52.762443 14.167 0.006
    43.4172013 14.297 0.006
    43.5227413 14.301 0.006
    75.4060164 14.376 0.006
    34.2449596 14.392 0.006
     55.736473 14.484 0.006
     56.716193 14.563 0.006
    16.4214262 14.518 0.006
    69.0602647 14.229 0.006
     8.0633945 14.019 0.006
    50.4781813 14.105 0.006
    51.4098113 14.015 0.006
    32.6925979 14.272 0.006
     68.705173 14.335 0.006
    59.4211713 14.034 0.006
    91.4924364 14.088 0.006
     9.7411028 14.057 0.006
     73.740593 14.235 0.006
    55.0538896 14.397 0.006
    89.0607447  14.46 0.006
    38.4035162 14.089 0.006
    70.0981796 14.031 0.006
     92.806493 14.005 0.006
     0.8030577 14.082 0.006
    54.3909962 14.326 0.006
    86.4691213 14.444 0.006
    25.4156111 14.548 0.006
    87.4800513 14.554 0.006
     5.8216077 14.564 0.006
    70.7832679 14.075 0.006
    92.4170513 14.056 0.006
    41.7295528  14.02 0.006
    43.7559628 14.291 0.006
    65.4433162 14.394 0.006
    76.7911079 14.516 0.006
    47.7236528  14.45 0.006
      8.362366 14.065 0.006
    31.0450394 13.979 0.006
     5.0498943 14.568 0.006
    51.3517511 14.048 0.006
    56.3584411 14.557 0.006
    36.6790777  14.58 0.006
    39.6787477 14.076 0.006
    82.0454745 14.058 0.006
    67.3655611 14.559 0.006
     4.9989392 14.576 0.006
    70.7124258 14.083 0.006
    43.0107273 14.274 0.006
    44.0229973 14.329 0.006
    37.7032856 14.347 0.006
    53.0030873  14.23 0.006
    75.6775307 14.399 0.006
     70.275069  14.05 0.006
    51.6333156 13.988 0.006
    44.3328639 14.366 0.006
     4.6277254 14.533 0.006
    81.9425773 14.062 0.006
    71.2502739 14.083 0.006
    52.6102905 14.104 0.006
    22.7085354 14.288 0.006
    56.6797505 14.542 0.006
    50.2472688 14.086 0.006
    74.9348922 14.329 0.006
    26.2772337 14.581 0.006
    80.8149822 14.059 0.006
     1.2979686  14.23 0.006
    84.9456622 14.296 0.006
    48.5544154 14.168 0.006
    73.2134388 14.095 0.006
     3.9062469 14.457 0.006
     7.9233369 14.015 0.006
    72.8467371  14.05 0.006
    64.4591654 14.311 0.006
    26.2170886 14.518 0.006
    39.4011903  14.03 0.006
    43.4843303 14.315 0.006
    35.1507786 14.476 0.006
    68.1477337  14.48 0.006
     65.782742 14.444 0.006
     8.7494718 14.087 0.006
    24.1892435  14.41 0.006
    60.0654586 14.048 0.006
    65.0770286 14.367 0.006
    60.6920169 14.095 0.006
    44.0551735 14.349 0.006
    26.4566701 14.554 0.006
    60.4102552 14.074 0.006
    41.7754418 14.042 0.006
    76.7792369 14.528 0.006
    63.0465335 14.147 0.006
     14.398055 14.471 0.006
     17.438495 14.221 0.006
     20.435315 14.002 0.006
    75.1852435 14.351 0.006
    67.8186918 14.549 0.006
    61.4140401 14.052 0.006
    76.8087618  14.52 0.006
    80.8064618 14.035 0.006
    84.8153118 14.291 0.006
    25.8075516 14.572 0.006
    70.0304984 14.017 0.006
     0.7399065 14.081 0.006
    41.6872816 14.025 0.006
     4.3564948 14.506 0.006
     72.349615 13.996 0.006
    45.3527199 14.477 0.006
     80.351855 14.023 0.006
    56.3467099 14.543 0.006
    10.6662714  14.03 0.006
    13.9253361 14.418 0.006
    35.7026695  14.54 0.006
    40.6478795 14.059 0.006
    25.0565361 14.502 0.006
    83.7058546 14.127 0.006
      8.065911 14.015 0.006
    29.3604427 14.075 0.006
    31.3379927  14.03 0.006
     22.992051 14.306 0.006
    38.3245627 14.137 0.006
    28.2893176 14.044 0.006
    81.9807161 14.055 0.006
    34.3263776 14.386 0.006
    40.3336776 14.099 0.006
    24.5643942 14.458 0.006
    51.2716976  14.02 0.006
    11.4976691 14.174 0.006
    13.5625691 14.376 0.006
    36.1906525 14.579 0.006
    71.1834476 14.098 0.006
    53.6233342 14.279 0.006
    59.4797442 14.032 0.006
    84.1130276 14.241 0.006
      4.418444 14.506 0.006
    80.8062159 14.048 0.006
    50.7984308  14.08 0.006
     1.1052523 14.166 0.006
     12.497234 14.295 0.006
    72.0540725 14.004 0.006
    87.4117242 14.541 0.006
    90.3603442 14.034 0.006
    70.7093008 14.078 0.006
     34.374144 14.415 0.006
    89.0692025 14.441 0.006
     9.4360789 14.084 0.006
    21.6724606 14.143 0.006
    24.7217606 14.468 0.006
    58.6884357 14.255 0.006
    11.0435872 14.071 0.006
    34.7779206  14.44 0.006
     59.356054 14.042 0.006
    21.1238072 14.026 0.006
    87.0250974  14.51 0.006
    47.7606006 14.448 0.006
    29.1212972 14.054 0.006
    42.3722289 14.152 0.006
     76.355924 14.478 0.006
    71.1296323 14.091 0.006
    28.3799438  14.04 0.006
    86.0457523 14.393 0.006
    29.0071821 14.039 0.006
    54.7151355  14.36 0.006
    65.7114955 14.442 0.006
    59.3723738 14.031 0.006
    85.0284472 14.325 0.006
    70.3719538 14.038 0.006
    11.3438036 14.152 0.006
    77.3476338 14.565 0.006
    66.6604004 14.557 0.006
    59.3166087 14.047 0.006
    43.6435153 14.319 0.006
    66.6788834  14.55 0.006
    78.0543951 14.574 0.006
      49.05935 14.033 0.006
    70.3531917 14.043 0.006
      72.01107 14.019 0.006
    54.3304066 14.336 0.006
      82.04239 14.051 0.006
     1.3174564 14.218 0.006
    23.9862198 14.389 0.006
    45.6496832 14.496 0.006
    15.6679481 14.591 0.006
    20.6183581 14.027 0.006
    31.9784198 14.131 0.006
     1.9348747 14.289 0.006
    64.9522549 14.352 0.006
     3.9517247 14.447 0.006
    87.5927283 14.574 0.006
    88.6125583 14.569 0.006
    37.9737098 14.271 0.006
    38.9231498 14.034 0.006
    19.2605264  14.08 0.006
    40.9176098 14.035 0.006
    32.6233881 14.275 0.006
    12.9385547 14.329 0.006
    13.9442347 14.424 0.006
    56.2683915 14.527 0.006
    88.2653566 14.571 0.006
    16.8834447 14.415 0.006
    29.2280264 14.055 0.006
    19.8032947 14.079 0.006
    52.8973798 14.203 0.006
    33.2500964 14.299 0.006
    85.8853549  14.38 0.006
     15.633953 14.583 0.006
    88.9082449 14.495 0.006
    34.9518947 14.449 0.006
    69.8560298 14.027 0.006
    64.2429464 14.291 0.006
     48.584663 14.146 0.006
    10.2334362 14.014 0.006
     54.614663 14.339 0.006
    47.2469613 14.533 0.006
     61.382423 14.072 0.006
    84.2071064 14.247 0.006
     6.6247828 14.366 0.006
    28.2167462  14.06 0.006
    15.2396511  14.55 0.006
    22.2220111 14.257 0.006
    37.5195928 14.409 0.006
    51.8368545 13.999 0.006
    80.5648579 14.028 0.006
    31.0337137 14.017 0.006
    15.0307786 14.556 0.006
    57.3298154  14.59 0.006
    84.9782388 14.319 0.006
    67.3133554 14.601 0.006
     1.9249335 14.292 0.006
     6.9327535 14.285 0.006
     59.632722  14.03 0.006
     8.9949635 14.092 0.006
    20.3161752 14.039 0.006
    41.9137686 14.054 0.006
    12.0016235 14.272 0.006
     3.6157618 14.423 0.006
    25.3045552 14.549 0.006
    57.2924003 14.587 0.006
    39.5855169 14.074 0.006
    92.2883054 14.078 0.006
    31.2277352 14.025 0.006
    32.2585052 14.215 0.006
    33.3133652  14.32 0.006
    23.6521118 14.359 0.006
    55.5995569  14.46 0.006
     90.525312 14.023 0.006
     9.8674584 14.038 0.006
     3.5284067 14.418 0.006
    56.2425952 14.532 0.006
    29.1793601 14.054 0.006
    30.1860201 14.089 0.006
    72.5009669 14.017 0.006
    55.7246935  14.48 0.006
    42.1407201 14.104 0.006
     12.103845 14.292 0.006
    24.4948667 14.448 0.006
    66.8390935 14.563 0.006
     6.7966933 14.321 0.006
    59.4752518 14.027 0.006
    39.7695284 14.092 0.006
     9.7898633 14.061 0.006
    10.7579833 14.046 0.006
    84.1599552  14.26 0.006
    78.7371135 14.461 0.006
    38.4397967 14.102 0.006
    40.4962567 14.065 0.006
    74.3807018 14.301 0.006
    17.4130016 14.231 0.006
    59.7483984 14.031 0.006
    29.7559833 14.113 0.006
    20.4065916 14.022 0.006
    73.0890301  14.08 0.006
    23.4080116 14.338 0.006
     4.7832882 14.542 0.006
     9.8185082  14.05 0.006
    73.7406684 14.246 0.006
     3.3297265 14.405 0.006
    76.7231784 14.523 0.006
    47.6740333 14.468 0.006
    80.7191284 14.047 0.006
    72.4396367 14.014 0.006
     2.9849348 14.362 0.006
    56.7567833 14.573 0.006
    38.0573599 14.243 0.006
    30.6395382 14.042 0.006
    13.0375448 14.338 0.006
    25.3427365 14.546 0.006
    89.3976867 14.345 0.006
     9.7112531 14.072 0.006
    42.7294782 14.251 0.006
    27.0528848  14.46 0.006
    72.3767316 13.999 0.006
     6.0191297 14.527 0.006
    18.3383314  14.03 0.006
    83.3750016 14.073 0.006
    68.7046682 14.335 0.006
    24.0357497 14.381 0.006
    26.0487197 14.568 0.006
    69.3796665 14.111 0.006
    30.0114397 14.102 0.006
    83.6900782 14.121 0.006
    65.0216248 14.359 0.006
    57.6715631 14.523 0.006
     3.6751308 14.441 0.006
    68.3850093 14.463 0.006
    32.0142825 14.152 0.006
    75.3613793 14.358 0.006
    15.3325891 14.566 0.006
    17.3321991  14.26 0.006
    49.3672842 14.022 0.006
    31.6513208 14.059 0.006
    10.6229257 14.029 0.006
    75.6420659   14.4 0.006
    56.9715325 14.596 0.006
    68.3549642 14.461 0.006
    61.0024525  14.09 0.006
     13.334044 14.359 0.006
    35.0247174 14.478 0.006
    46.3610991 14.568 0.006
    47.2912491 14.534 0.006
    68.9628925 14.275 0.006
    69.9528025  14.02 0.006
    29.5982457 14.098 0.006
     2.2064889 14.316 0.006
     3.2532989 14.389 0.006
    14.5579006 14.509 0.006
    25.9703223 14.575 0.006
    68.2229091 14.492 0.006
    69.2941291  14.14 0.006
    20.6238706 14.003 0.006
    84.5430308 14.273 0.006
    20.2640689 14.036 0.006
    83.2864691 14.062 0.006
    23.1321989 14.329 0.006
    13.8922572 14.411 0.006
    25.1322289 14.515 0.006
    15.8176172 14.578 0.006
     6.4769355 14.429 0.006
    79.7819274 14.098 0.006
    71.4266657 14.085 0.006
    82.7756674  14.01 0.006
     2.1247038  14.29 0.006
     3.1409638 14.367 0.006
     67.137464 14.578 0.006
     6.1225738 14.505 0.006
    17.4723155 14.194 0.006
     9.1319138 14.096 0.006
    30.8070472 14.012 0.006
     73.120374 14.077 0.006
     1.7977721 14.268 0.006
    13.0878538 14.327 0.006
     76.046214 14.434 0.006
    56.4121706 14.535 0.006
    57.4378006  14.55 0.006
    58.4306506 14.334 0.006
    69.7720723 14.033 0.006
    19.1196238 14.083 0.006
    20.1057638  14.05 0.006
     0.4235504 14.037 0.006
    74.7901523 14.316 0.006
    57.0752389 14.595 0.006
    78.8390923 14.427 0.006
     90.089694 14.101 0.006
    29.0719738 14.056 0.006
    63.0584489 14.166 0.006
    53.7231572  14.29 0.006
     3.0645487 14.358 0.006
    55.7446272 14.465 0.006
     7.0479687  14.24 0.006
    18.3890904 14.013 0.006
    31.7039321 14.078 0.006
      1.731987 14.278 0.006
    33.6939221 14.332 0.006
    34.7086921 14.438 0.006
    25.3763004 14.567 0.006
    27.3668304 14.363 0.006
      7.703407 14.056 0.006
    40.6803621 14.072 0.006
    21.0005287  14.04 0.006
    73.7214672 14.244 0.006
    64.3680555 14.317 0.006
    10.3862753 14.001 0.006
     23.640207 14.357 0.006
     5.9650136  14.53 0.006
    18.3304653 14.017 0.006
    75.9947138 14.424 0.006
     5.7072719 14.557 0.006
    29.3180453 14.076 0.006
    73.6584021 14.223 0.006
    58.9922787 14.133 0.006
    31.9719236 14.126 0.006
    44.3517253 14.349 0.006
     7.9961185 14.009 0.006
    43.0165436 14.264 0.006
    77.9840987 14.563 0.006
    90.3657404  14.04 0.006
    42.6476119 14.224 0.006
     77.669177 14.561 0.006
     82.646347 14.005 0.006
    55.6580319 14.371 0.006
    26.6731368 14.538 0.006
    54.3010002 14.337 0.006
    56.6610849 14.575 0.006
    42.3326281 14.139 0.006
    27.6977647 14.249 0.006
    83.3633332 14.078 0.006
     24.349723 14.442 0.006
    11.6582096 14.235 0.006
    17.5369096 14.178 0.006
    70.1703981 14.033 0.006
    19.6204596   14.1 0.006
    51.6904947 14.007 0.006
    64.9650664 14.364 0.006
     4.9949562 14.569 0.006
    68.9772664 14.256 0.006
     9.9608862 14.024 0.006
     52.341313 14.089 0.006
    45.0446713 14.438 0.006
    67.6450147  14.58 0.006
     6.6866945 14.361 0.006
    48.8917013 14.057 0.006
    91.3660381 14.082 0.006
    42.5711796 14.213 0.006
    85.9996464 14.379 0.006
    77.6320747 14.587 0.006
    57.8358613 14.508 0.006
    48.6812496 14.133 0.006
    49.5903696  14.05 0.006
     0.9689911 14.133 0.006
    84.6187447 14.288 0.006
    23.5608345 14.344 0.006
    87.5721547  14.56 0.006
     79.195963 14.289 0.006
    62.5315096 14.054 0.006
     1.5517594 14.257 0.006
    75.8957213 14.425 0.006
    28.2461428 14.052 0.006
    50.8484762 14.091 0.006
     2.2287777 14.308 0.006
    26.8875311 14.508 0.006
    70.1882479 14.035 0.006
    41.1845528 14.024 0.006
    63.8726462 14.294 0.006
    76.1682079 14.443 0.006
    26.4997294 14.552 0.006
    81.1749379 14.104 0.006
    83.1761779 14.056 0.006
    74.8315662 14.321 0.006
    25.1550377 14.516 0.006
    91.1280179  14.06 0.006
     20.818796 14.025 0.006
     24.816716 14.495 0.006
    16.5043943 14.494 0.006
    49.4687894 14.023 0.006
    72.1333928 14.026 0.006
    23.4832443 14.351 0.006
    66.8240211 14.567 0.006
    27.4697243 14.321 0.006
     40.723866 14.058 0.006
     1.4830292 14.267 0.006
    12.7196409 14.316 0.006
    24.0468926 14.409 0.006
    25.0530426 14.509 0.006
    57.0062577 14.587 0.006
    16.6753109 14.466 0.006
     48.692846 14.131 0.006
    19.6888909 14.101 0.006
    21.6830209 14.148 0.006
    85.7164011 14.367 0.006
    76.4101894 14.462 0.006
     6.1014975 14.519 0.006
    90.7163511 14.019 0.006
    51.3714643  14.03 0.006
    13.0130575 14.347 0.006
    89.3865694 14.366 0.006
     9.6789658 14.071 0.006
    42.6991409 14.241 0.006
     3.3488541 14.402 0.006
     77.678396 14.591 0.006
    58.9671226 14.149 0.006
    91.0349777 14.069 0.006
    92.9992677 14.028 0.006
    33.0426675 14.303 0.006
    66.9920726 14.579 0.006
    49.3999792 14.035 0.006
     92.656666 14.042 0.006
     5.6989007 14.583 0.006
    49.9954175 14.078 0.006
      1.324639 14.232 0.006
    86.9853826 14.504 0.006
    89.9930626 14.142 0.006
    61.9898275 14.019 0.006
    47.3397841 14.539 0.006
    91.6876309 14.106 0.006
    73.0343675 14.086 0.006
     23.321669  14.33 0.006
    66.6550658 14.537 0.006
    17.0207273 14.363 0.006
     8.6590156 14.084 0.006
    62.3314041 14.036 0.006
    12.6658556 14.309 0.006
    67.3511341 14.585 0.006
    29.9797273 14.088 0.006
    67.6083737 14.592 0.006
    69.9930803 14.037 0.006
    38.6264035 14.063 0.006
    51.0190252 14.079 0.006
    83.9953903 14.237 0.006
    15.6176284 14.599 0.006
    38.2919618 14.156 0.006
    39.3603818 14.064 0.006
    65.9737952 14.474 0.006
      5.000415 14.589 0.006
    60.4468835 14.107 0.006
    61.4711035  14.08 0.006
     0.5425833 14.058 0.006
    89.2488869 14.404 0.006
    40.5693984  14.09 0.006
    12.5776733 14.301 0.006
    14.5283433 14.571 0.006
    43.2050867 14.298 0.006
    13.1935916 14.352 0.006
    86.5980235 14.463 0.006
    15.1253316 14.577 0.006
    67.9259201 14.561 0.006
    58.5734184 14.299 0.006
    28.5180633 14.029 0.006
    60.5151084 14.124 0.006
    51.1728667  14.06 0.006
     1.4720082 14.264 0.006
    55.1527367 14.408 0.006
    27.1392916 14.438 0.006
     49.872345 14.076 0.006
    20.8075999 14.036 0.006
    84.7832601 14.308 0.006
    35.1512316 14.497 0.006
    37.1029516 14.527 0.006
    90.8419101 14.049 0.006
    10.1063865 14.028 0.006
    43.0875316 14.285 0.006
    33.7414299 14.357 0.006
     65.799095 14.455 0.006
    26.4467882 14.586 0.006
     7.7884348 14.041 0.006
     8.8212848 14.108 0.006
    83.0890967 14.043 0.006
    64.3813333 14.324 0.006
     4.3855131  14.53 0.006
    60.0196416 14.066 0.006
    31.0297765 14.047 0.006
    35.0067865 14.511 0.006
    26.6919348 14.556 0.006
     90.674785 14.034 0.006
    51.3972782 14.049 0.006
     1.7034197 14.287 0.006
    34.7664148 14.444 0.006
    48.0326065 14.354 0.006
    70.6876399 14.096 0.006
    72.6868299 14.034 0.006
    64.3952482 14.313 0.006
    66.3079082 14.512 0.006
    62.0120265 14.024 0.006
    83.6749299 14.158 0.006
    33.9548014 14.365 0.006
    68.9668065 14.263 0.006
    82.2943782 14.046 0.006
     4.6666446 14.549 0.006
    49.0080514 14.047 0.006
    60.0051714 14.054 0.006
    12.3144429  14.29 0.006
    19.3253029   14.1 0.006
    32.6285946 14.278 0.006
     57.358988 14.573 0.006
    44.6247946 14.385 0.006
    47.6703146 14.475 0.006
     3.9687161 14.459 0.006
    18.3107478 14.027 0.006
    77.9657763 14.576 0.006
    19.9522761 14.075 0.006
    63.3585908  14.25 0.006
    92.9870642  14.01 0.006
    79.3280508  14.25 0.006
    60.6164974 14.111 0.006
    72.9680391 14.072 0.006
     1.6210972  14.27 0.006
    54.3072757  14.33 0.006
    55.2969457 14.417 0.006
    34.6792223 14.412 0.006
    87.2706508 14.533 0.006
    87.2994608 14.524 0.006
    87.3333508 14.523 0.006
    56.3593257 14.529 0.006
     5.5867272 14.588 0.006
    26.2906006 14.573 0.006
    67.6867974  14.56 0.006
     47.901384 14.412 0.006
    68.6098374 14.386 0.006
     6.6464972  14.35 0.006
    58.3486157 14.339 0.006
    62.2346657 14.022 0.006
    31.2672806 14.016 0.006
    62.3015257  14.02 0.006
    31.3232406  14.02 0.006
    31.3463506 14.019 0.006
    63.2565557  14.21 0.006
    32.2818706  14.21 0.006
    83.9845191 14.219 0.006
    11.6683672 14.218 0.006
    84.8494091 14.308 0.006
    33.2389306 14.299 0.006
    43.6038123 14.292 0.006
     53.972634 14.299 0.006
    84.9972491 14.303 0.006
    85.8983091 14.381 0.006
     3.2706955 14.384 0.006
    44.6314923 14.383 0.006
    24.9221689  14.51 0.006
    24.9627689   14.5 0.006
     4.3356155 14.519 0.006
    25.0234889 14.511 0.006
     5.2219955 14.584 0.006
    77.5951374 14.584 0.006
     5.3520555 14.574 0.006
     57.886864 14.508 0.006
    16.5806372 14.485 0.006
    88.9378791 14.492 0.006
    16.6436472 14.474 0.006
    79.5660274 14.172 0.006
     7.2533855 14.155 0.006
    79.6108874 14.147 0.006
    89.9669691  14.14 0.006
    80.5415874 14.034 0.006
     59.897344 14.029 0.006
     59.984664 14.044 0.006
    81.5623874 14.093 0.006
    81.5998574 14.096 0.006
    29.9542389 14.101 0.006
     61.000514 14.088 0.006
    50.6890623 14.097 0.006
    41.2646306 13.994 0.006
    72.2872857   14.0 0.006
    92.9921391 13.995 0.006
    72.3473157 13.997 0.006
    31.8726489 14.094 0.006
    83.5633074 14.094 0.006
    11.2509455 14.103 0.006
    73.2749957 14.105 0.006
    21.6292872 14.116 0.006
    52.6613823 14.124 0.006
     63.880244 14.281 0.006
    32.9019789 14.288 0.006
    12.3235855 14.276 0.006
    54.5446723 14.341 0.006
    54.5665423 14.337 0.006
    75.2521857 14.339 0.006
    33.9402989 14.342 0.006
    44.2983206 14.343 0.006
    13.3198955 14.343 0.006
     3.8140838 14.436 0.006
    45.1713406  14.45 0.006
     65.861224  14.43 0.006
    76.2371057 14.442 0.006
    15.1885155 14.561 0.006
    46.2535506 14.561 0.006
     4.9528238 14.544 0.006
     4.9800338 14.557 0.006
     67.859234 14.558 0.006
    48.2130306 14.287 0.006
    27.5683772 14.266 0.006
    58.5964923 14.261 0.006
    89.6554674  14.25 0.006
    80.1968457 14.012 0.006
    90.5494874  14.01 0.006
     69.904934 13.993 0.006
    59.5976023 13.995 0.006
    80.2793157 14.001 0.006
     7.9701438 13.998 0.006
     9.8648638 14.029 0.006
    51.2119806 14.035 0.006
    20.2551155 14.014 0.006
    51.2787906 14.029 0.006
     71.970874 14.014 0.006
    83.1857957 14.035 0.006
    10.8913738 14.035 0.006
     72.917384 14.032 0.006
    10.9419538 14.043 0.006
    41.9831689 14.052 0.006
    53.2125306 14.252 0.006
    11.9046738 14.256 0.006
     1.5937921  14.26 0.006
     1.6161821 14.263 0.006
     2.5226221 14.305 0.006
    12.8795138 14.307 0.006
    33.5733072 14.294 0.006
    43.9468389 14.305 0.006
     75.843274 14.396 0.006
    86.2002857 14.401 0.006
    34.5587372 14.402 0.006
    86.2488457 14.408 0.006
     4.5662021 14.532 0.006
    56.2545306 14.528 0.006
    25.2746155 14.533 0.006
    25.3056555  14.53 0.006
    26.1856455 14.566 0.006
     77.876214 14.567 0.006
     77.907034 14.567 0.006
    36.5955672 14.563 0.006
    69.4352023 14.092 0.006
    59.1342606 14.087 0.006
     7.4800321 14.059 0.006
     79.846704 14.061 0.006
     79.939624 14.042 0.006
    28.2978655 14.051 0.006
     79.988214 14.033 0.006
    91.2165157 14.052 0.006
    49.9222289 14.052 0.006
    29.2800155 14.061 0.006
    21.9507238 14.217 0.006
    21.9943138 14.214 0.006
    22.8158538 14.282 0.006
    74.5060323 14.276 0.006
     2.1964104  14.28 0.006
    22.8819238 14.287 0.006
    64.2384406  14.28 0.006
    44.4129672 14.353 0.006
    54.8200189 14.376 0.006
    34.1823655 14.363 0.006
    55.7759789 14.467 0.006
     86.819554 14.481 0.006
    66.1746606 14.472 0.006
     4.1953304 14.474 0.006
    80.5088223 14.025 0.006
     8.1960304 14.025 0.006
    49.5772572 14.026 0.006
    70.2671606 14.037 0.006
    40.1582455 14.091 0.006
    19.5172221 14.077 0.006
    19.5409421 14.081 0.006
    71.2313706 14.086 0.006
     4.8298987  14.56 0.006
    87.5261023 14.545 0.006
    15.2143404 14.547 0.006
    66.9059289 14.556 0.006
    56.5975072 14.558 0.006
    57.4752872 14.553 0.006
    57.6008472 14.542 0.006
    36.9577938 14.539 0.006
    78.2966906 14.538 0.006
    80.1023506 14.022 0.006
    90.4827423 14.016 0.006
    38.8374438 14.005 0.006
    18.2218204 14.011 0.006
    70.7898289 14.077 0.006
    39.8409838 14.092 0.006
    29.5553421 14.082 0.006
    91.5891023 14.098 0.006
     9.7442487 14.055 0.006
    92.4351723 14.038 0.006
     9.7974287 14.028 0.006
    61.5107872 14.038 0.006
    52.1104855 14.031 0.006
      0.521087  14.04 0.006
    31.5831821  14.05 0.006
    52.2939055 14.059 0.006
    73.7689789 14.239 0.006
    22.1487604 14.233 0.006
    84.1946906 14.252 0.006
    84.2657306 14.255 0.006
    54.1778455 14.314 0.006
    12.8695087 14.307 0.006
    12.8932087  14.32 0.006
    36.4309321 14.574 0.006
    88.1501706 14.586 0.006
    26.1747404 14.575 0.006
    15.9034687  14.57 0.006
      6.410657 14.443 0.006
    89.1037506 14.422 0.006
    89.1443206 14.414 0.006
    18.7826587 14.053 0.006
    29.1955404 14.052 0.006
    39.5927921 14.068 0.006
    81.7408389 14.082 0.006
    81.7725889 14.073 0.006
    19.7963487 14.062 0.006
    71.4873072 14.057 0.006
    82.7512589  13.99 0.006
    62.1101755 13.988 0.006
     0.1327353   14.0 0.006
0.156575300001 13.983 0.006
    41.5410121 14.011 0.006
    32.0794304 14.147 0.006
    63.1115855 14.161 0.006
    52.8018138 14.157 0.006
    52.8258338  14.17 0.006
    74.3793072 14.304 0.006
    64.1587155 14.296 0.006
    44.4133921 14.342 0.006
    75.4346272 14.356 0.006
     13.471227 14.373 0.006
    65.2148855 14.375 0.006
    35.0871004 14.463 0.006
    76.4407772 14.462 0.006
    24.8073487 14.465 0.006
    86.8487989 14.478 0.006
    78.4580372 14.507 0.006
     17.387877 14.227 0.006
    48.4110721 14.222 0.006
     7.0990253   14.2 0.006
    27.7885587 14.188 0.006
    49.3916021 14.022 0.006
     8.0795253  14.02 0.006
    80.4551572 14.005 0.006
    70.1600655 14.032 0.006
     19.422497 14.097 0.006
     9.1266553 14.091 0.006
    91.8201289 14.095 0.006
    51.3985521 14.013 0.006
    61.7593438  14.01 0.006
    41.1145004 14.003 0.006
    61.8059138  14.01 0.006
    73.0542555 14.071 0.006
    83.3992872 14.071 0.006
    11.0863353  14.06 0.006
    73.1249855 14.074 0.006
    75.1270155  14.32 0.006
     2.8141536 14.327 0.006
     24.392847 14.437 0.006
    86.4349672 14.438 0.006
    34.7893087  14.45 0.006
    45.1452204 14.445 0.006
    16.0401553 14.571 0.006
    36.7275187 14.549 0.006
    36.7427387 14.552 0.006
    67.7547038 14.557 0.006
    47.1167004 14.543 0.006
    61.3795721 14.081 0.006
    61.3980321 14.061 0.006
    20.0876553 14.035 0.006
     9.7763436 14.029 0.006
    21.0658653  14.01 0.006
    83.0987855 14.033 0.006
    10.7855636 14.044 0.006
    10.8039036 14.036 0.006
     1.3822119 14.228 0.006
     32.405807 14.237 0.006
    42.7667987 14.233 0.006
    53.1229904 14.249 0.006
    74.7090338 14.324 0.006
    54.0643804 14.312 0.006
     33.419037   14.3 0.006
    12.7750636 14.307 0.006
    86.0519655 14.396 0.006
    13.7393436  14.38 0.006
     3.4283819 14.393 0.006
    44.7923487 14.412 0.006
    14.7253636 14.507 0.006
    14.7473236 14.497 0.006
    66.4342921 14.502 0.006
     35.455807 14.501 0.006
    57.1043704 14.563 0.006
    46.8140787 14.585 0.006
    26.1915753 14.579 0.006
    68.3628421 14.437 0.006
    47.7430987 14.437 0.006
    27.1013153 14.441 0.006
    47.7989487 14.431 0.006
    69.3708421 14.106 0.006
    48.7222687  14.09 0.006
    79.7395238 14.086 0.006
    90.1292955 14.097 0.006
    80.7574238 14.046 0.006
    80.7799038 14.048 0.006
    29.1343353 14.069 0.006
    60.1623704 14.066 0.006
    71.4032221 14.075 0.006
    19.7618936 14.079 0.006
    81.7855138 14.078 0.006
    50.7965287 14.076 0.006
    51.6829987 14.026 0.006
    72.3725221 13.992 0.006
    20.7525036 13.994 0.006
    20.7951736 14.007 0.006
    64.0030304 14.276 0.006
    22.7051136 14.284 0.006
    33.0611053 14.304 0.006
     43.419577  14.28 0.006
    75.3527821 14.362 0.006
     44.378647 14.342 0.006
    75.4430521 14.347 0.006
    65.1527204 14.361 0.006
    24.7290936 14.458 0.006
    86.7822738 14.483 0.006
    24.8028936 14.461 0.006
    67.0653404 14.532 0.006
     5.1290902 14.566 0.006
    15.4876919 14.559 0.006
     6.9760002 14.252 0.006
    58.6872487 14.231 0.006
    38.0428353 14.222 0.006
    89.7332738 14.217 0.006
    58.7549887 14.214 0.006
     49.376147 14.015 0.006
    71.1148104 14.094 0.006
    82.3222421  14.02 0.006
    82.3478521 14.018 0.006
    82.3666721 14.023 0.006
    61.7631587 14.025 0.006
    62.6538487 14.057 0.006
     52.342717 14.065 0.006
    42.0327253 14.061 0.006
    62.7223487 14.065 0.006
    12.1000802 14.287 0.006
    13.0322902  14.32 0.006
    64.7952987 14.345 0.006
     2.8709685 14.366 0.006
    13.2300202  14.35 0.006
    45.0029153 14.426 0.006
    24.3957819 14.427 0.006
    76.1718704 14.446 0.006
    25.3649619  14.54 0.006
     56.391197 14.528 0.006
    15.0851202 14.557 0.006
    15.1071202 14.554 0.006
    72.6534687  14.02 0.006
    72.6758787 14.023 0.006
    52.0313653 14.025 0.006
    83.0572204  14.05 0.006
    83.9809404 14.229 0.006
    11.6730585 14.228 0.006
    22.0329902 14.228 0.006
    42.7186836 14.237 0.006
     2.3541268 14.308 0.006
    74.7660187 14.329 0.006
    33.4668719 14.317 0.006
     64.493547 14.322 0.006
    55.0040453 14.383 0.006
    34.3591219 14.387 0.006
    75.7246987 14.402 0.006
    34.4174719 14.388 0.006
    86.9696804 14.492 0.006
    76.6814687 14.501 0.006
    76.7040787 14.502 0.006
    35.3919719 14.513 0.006
    15.6496485 14.572 0.006
    15.6746085  14.58 0.006
     5.3634368 14.581 0.006
    77.7193587 14.574 0.006
    26.9412102 14.468 0.006
    78.6317587 14.473 0.006
    26.9864602 14.457 0.006
    16.6751685  14.45 0.006
    48.6286936 14.138 0.006
    48.6507636 14.134 0.006
    28.0037302 14.122 0.006
     69.367917 14.125 0.006
    80.6150987 14.048 0.006
     70.307137 14.055 0.006
    80.6681487 14.041 0.006
     8.3903268  14.06 0.006
    60.9532253  14.11 0.006
     9.3235468 14.106 0.006
    51.6222836 14.022 0.006
     72.309267 14.011 0.006
    82.6899087 14.011 0.006
     73.276527 14.136 0.006
     73.301247 14.137 0.006
    63.0215253 14.149 0.006
    63.9872153 14.291 0.006
    22.6976885 14.293 0.006
    85.6384087  14.37 0.006
    44.3276819 14.358 0.006
    54.7111936 14.368 0.006
    55.5897336 14.455 0.006
    86.6272987 14.439 0.006
    14.3380468 14.429 0.006
     76.385937 14.471 0.006
    37.9649702 14.277 0.006
    48.3406219 14.262 0.006
    38.0377102 14.248 0.006
    38.0628902 14.246 0.006
    90.6300687 14.028 0.006
    28.7149985 14.026 0.006
    70.9460553 14.099 0.006
    29.6604585 14.103 0.006
    91.7092287 14.124 0.006
    29.7553785 14.115 0.006
     9.9680751 14.051 0.006
    40.9879802 14.024 0.006
    51.3462619 14.031 0.006
     82.395957 14.022 0.006
    52.3343019  14.07 0.006
    21.3788768 14.083 0.006
    62.7782236 14.102 0.006
    42.9265102 14.267 0.006
     84.325347 14.284 0.006
    74.0620053 14.288 0.006
    74.9305453 14.339 0.006
    43.9704402 14.327 0.006
    33.7002085 14.358 0.006
     2.7451934 14.343 0.006
    44.9355502 14.417 0.006
     86.314427  14.44 0.006
     86.349507 14.452 0.006
    24.4088768 14.442 0.006
    45.9557902 14.531 0.006
     4.6434934 14.566 0.006
     87.334817 14.549 0.006
    47.0026702 14.573 0.006
     5.6797134 14.578 0.006
    78.0371753 14.579 0.006
    47.0443402 14.575 0.006
    29.3084668 14.077 0.006
    29.3268368 14.082 0.006
    19.0157351 14.081 0.006
     8.6900834  14.08 0.006
    71.6328636  14.07 0.006
    30.3257468 14.064 0.006
    71.6823236 14.064 0.006
    61.3947319 14.067 0.006
    41.6175285 14.015 0.006
    82.9770753 14.025 0.006
    51.9980802 14.023 0.006
    72.6838036 14.019 0.006
    21.9724851 14.223 0.006
    11.6611434 14.221 0.006
    32.3545668 14.238 0.006
    32.3622768 14.231 0.006
     2.2830917 14.313 0.006
    22.9731551 14.318 0.006
    33.3348668 14.315 0.006
    33.3574168 14.321 0.006
    65.2924919 14.395 0.006
    56.0029202 14.513 0.006
    56.0288602 14.512 0.006
    76.7036436 14.515 0.006
    36.2889468 14.596 0.006
    46.6455185 14.584 0.006
    88.0092753 14.595 0.006
    46.6972085 14.585 0.006
    16.6205934 14.479 0.006
    57.9837402 14.483 0.006
    16.6646034 14.477 0.006
    78.6972836 14.473 0.006
    89.9482053  14.15 0.006
    69.3030719 14.152 0.006
    79.6618136 14.147 0.006
    38.3493268 14.132 0.006
    59.9487502 14.055 0.006
    90.9665153 14.051 0.006
    18.6500834 14.057 0.006
    60.0112602 14.055 0.006
    71.2888519 14.097 0.006
    71.3107219   14.1 0.006
    19.6648334 14.111 0.006
    92.0077953 14.102 0.006
    32.0073251 14.146 0.006
       1.03149 14.156 0.006
    12.2961017 14.288 0.006
    64.0177502 14.287 0.006
    53.7458485 14.299 0.006
       2.94961 14.356 0.006
    64.9854002 14.358 0.006
    65.0285802 14.361 0.006
    44.3925768 14.355 0.006
    55.6248085 14.461 0.006
    76.3142219 14.459 0.006
    77.2902919 14.569 0.006
    56.6497285 14.568 0.006
    25.6741434 14.571 0.006
    48.2747268 14.271 0.006
    27.6735034 14.256 0.006
    59.6069985 14.027 0.006
    49.2783668 14.026 0.006
    91.6705736 14.104 0.006
    19.3576617 14.102 0.006
    42.0117551 14.072 0.006
     0.6999283  14.07 0.006
0.712268300001  14.08 0.006
    84.2962619 14.267 0.006
    63.6515585 14.268 0.006
      12.00585 14.274 0.006
     2.6349583 14.329 0.006
    75.0151902  14.34 0.006
      13.97815 14.426 0.006
      14.00055 14.432 0.006
    88.2749419 14.576 0.006
     5.6346783 14.578 0.006
      15.98329 14.561 0.006
    58.2772568 14.377 0.006
    78.9813402 14.361 0.006
     7.6254683 14.054 0.006
    28.3145017 14.038 0.006
    60.2936568 14.076 0.006
    91.3180619 14.089 0.006
    71.6270685 14.067 0.006
    61.3167168 14.073 0.006
      21.95884 14.218 0.006
    32.3182417 14.221 0.006
    12.6247383 14.307 0.006
      22.98444 14.306 0.006
     3.2930266 14.386 0.006
    65.3179568 14.394 0.006
    66.2980868 14.511 0.006
    86.9874902 14.509 0.006
    36.2937717 14.579 0.006
    15.6485583 14.588 0.006
    47.6253934  14.48 0.006
    58.9467951 14.156 0.006
    48.6361934 14.153 0.006
    17.6578083  14.14 0.006
    19.6270083 14.115 0.006
    91.9845702 14.114 0.006
    42.2931117 14.146 0.006
    12.2876766 14.297 0.006
    63.9817851 14.295 0.006
    86.6505185 14.474 0.006
    87.6332385  14.58 0.006
    77.3221668 14.575 0.006
    67.9621851 14.544 0.006
     6.9891049  14.26 0.006
    80.3259568 14.016 0.006
    29.6159783 14.094 0.006
     8.9728149   14.1 0.006
    51.3147417 14.031 0.006
    62.6232134  14.06 0.006
      41.97432 14.065 0.006
    53.2858817 14.264 0.006
    63.6423734 14.269 0.006
    86.2834668 14.427 0.006
    35.6168983 14.549 0.006
    76.9730851  14.54 0.006
      47.94597 14.389 0.006
      47.96795 14.369 0.006
    28.3110466 14.045 0.006
      49.94612 14.086 0.006
    81.9310451 14.084 0.006
    31.2838766 14.029 0.006
    82.9736851 14.022 0.006
    73.5945634 14.221 0.006
    73.6131534 14.215 0.006
    22.9490549 14.314 0.006
     2.3039315 14.314 0.006
    65.2625317 14.393 0.006
    75.6371634 14.398 0.006
      55.94327 14.509 0.006
    67.2669817 14.591 0.006
    21.5900232 14.127 0.006
    42.2660566  14.13 0.006
    74.2639217 14.292 0.006
      63.93465 14.293 0.006
     2.9187298 14.361 0.006
    54.5953083 14.358 0.006
      65.92057  14.46 0.006
    24.5903732 14.462 0.006
    78.2547717 14.553 0.006
    57.5914283 14.555 0.006
     1.6425811 14.278 0.006
     2.6575211 14.336 0.006
    67.6526913 14.574 0.006
    38.6712062 14.031 0.006
    92.3367447 14.063 0.006
    10.6535511 14.029 0.006
     86.010143 14.391 0.006
     86.960133 14.502 0.006
    57.9713079 14.476 0.006
    28.9585328 14.042 0.006
     9.2995294 14.098 0.006
    52.6697262 14.146 0.006
    11.9307977 14.261 0.006
    13.8987677 14.416 0.006
    35.6478111 14.536 0.006
    26.2692294 14.574 0.006
    16.9890377 14.354 0.006
    45.6519111 14.496 0.006
     5.2985643 14.569 0.006
     16.622226 14.478 0.006
     20.630836 14.009 0.006
    18.2634643 14.016 0.006
    60.5939111  14.09 0.006
    40.9169077 14.038 0.006
    52.2618494 14.047 0.006
    12.9088626 14.334 0.006
    55.2414794 14.419 0.006
    76.9060328  14.54 0.006
    77.9048528 14.579 0.006
    16.9465726 14.399 0.006
     38.563576  14.07 0.006
    49.8967577 14.067 0.006
     9.5603409 14.081 0.006
    62.2008294 14.002 0.006
    64.1956894 14.287 0.006
    75.5361211 14.369 0.006
     4.2087892 14.476 0.006
    18.4920409 14.023 0.006
    91.8062728 14.101 0.006
    72.1389694 14.013 0.006
     52.537606 14.108 0.006
    43.2957843 14.289 0.006
     56.509566 14.546 0.006
    78.2022694 14.563 0.006
    68.9249077 14.274 0.006
     8.7822675 14.089 0.006
    74.8072677  14.32 0.006
     3.4964558 14.411 0.006
     6.5945358 14.393 0.006
     7.5054958 14.092 0.006
     9.4113458 14.068 0.006
    41.4774909 14.011 0.006
    63.0909643 14.154 0.006
    84.7835877 14.282 0.006
    23.8312475 14.365 0.006
    66.1220043 14.463 0.006
    87.7502177 14.566 0.006
    47.4222109 14.508 0.006
    60.7853926 14.086 0.006
0.788782400001 14.092 0.006
    45.0961292 14.436 0.006
    36.7582775 14.548 0.006
    79.1609243 14.318 0.006
    80.1350143 14.029 0.006
    19.0995841  14.09 0.006
    72.7486726 14.018 0.006
    23.1290041 14.308 0.006
    44.7176475 14.384 0.006
     4.4016407   14.5 0.006
    49.7052775 14.029 0.006
    54.7638275 14.363 0.006
      4.111629 14.486 0.006
    47.3592458 14.517 0.006
    48.3431058 14.241 0.006
    49.3973258 14.018 0.006
    29.7438124 14.097 0.006
    30.7205124 14.022 0.006
     13.036989 14.325 0.006
    86.3654609 14.431 0.006
    77.0071992 14.541 0.006
    47.0452841  14.55 0.006
     6.6949073 14.346 0.006
     8.6871673 14.065 0.006
    30.3795107 14.051 0.006
    62.3718658 14.042 0.006
    14.6530173 14.494 0.006
    56.9351141 14.576 0.006
    37.3105107 14.473 0.006
    50.6889424 14.087 0.006
    72.3096558 14.007 0.006
    74.3265258 14.281 0.006
    54.6326624 14.349 0.006
    45.2634407 14.455 0.006
    16.2982756  14.54 0.006
     6.9641439 14.268 0.006
     9.9796539 14.044 0.006
    12.9703039 14.365 0.006
    66.6657824 14.554 0.006
    80.0335841 14.037 0.006
     2.3117905 14.326 0.006
    39.2833956 14.046 0.006
    20.6893822 14.012 0.006
    11.3336005 14.161 0.006
     2.0335988 14.302 0.006
    44.2906556 14.389 0.006
    77.3378707 14.598 0.006
     69.972789 14.038 0.006
    20.3459205 14.028 0.006
     74.975149  14.35 0.006
    47.9418839 14.393 0.006
     81.972259 14.118 0.006
     3.2908154 14.401 0.006
     90.998539  14.05 0.006
    43.3175705 14.302 0.006
    47.3112305 14.555 0.006
     5.2343733 14.588 0.006
    69.9767018 14.025 0.006
    53.3389084 14.269 0.006
    80.8421118 14.075 0.006
    32.2906133 14.217 0.006
    64.3239784 14.298 0.006
    35.3302733 14.496 0.006
    70.3153384 14.027 0.006
    32.9300216 14.276 0.006
    76.2496784 14.443 0.006
    47.2629433 14.538 0.006
    68.9625167 14.259 0.006
    49.3393433 14.013 0.006
     61.571505 14.032 0.006
    26.2138582 14.564 0.006
    36.6628899 14.561 0.006
    37.5033799 14.424 0.006
    79.0004567 14.361 0.006
    18.9873165 14.064 0.006
    62.2128033 14.009 0.006
    84.9236667 14.283 0.006
     4.3118031 14.489 0.006
     92.611655 14.038 0.006
    10.9467914 14.057 0.006
    57.2851982 14.561 0.006
    48.8233065 14.067 0.006
    80.8201716 14.035 0.006
    40.5100948 14.055 0.006
    51.8127165 14.008 0.006
      1.126898 14.153 0.006
    84.8417016 14.285 0.006
    14.4953597 14.458 0.006
    37.1758031 14.481 0.006
      8.111578 14.013 0.006
     0.8085963 14.083 0.006
    55.4171048 14.429 0.006
     16.080678 14.559 0.006
    29.3818197 14.074 0.006
    40.6747814 14.091 0.006
     26.034968  14.57 0.006
    39.3920297 14.036 0.006
    23.8038363 14.356 0.006
    56.6960914  14.56 0.006
     6.1239729 14.497 0.006
    90.7370565 14.006 0.006
    84.3784348 14.265 0.006
    34.7112863 14.425 0.006
     47.053878 14.557 0.006
    80.0791631 14.017 0.006
    31.3951346 14.024 0.006
    43.7667263 14.296 0.006
    26.0499529 14.564 0.006
    29.0385329 14.033 0.006
    43.3493446 14.285 0.006
    85.7090114 14.346 0.006
    87.7925514 14.554 0.006
    27.7519712 14.211 0.006
     73.071488 14.079 0.006
    33.7459912 14.325 0.006
    36.6795812 14.572 0.006
    90.4292397 14.017 0.006
    32.3711195 14.213 0.006
     85.947248 14.373 0.006
    36.2838295 14.578 0.006
    38.2897795 14.135 0.006
     91.941748 14.089 0.006
    21.6997961 14.146 0.006
    33.9453178 14.352 0.006
    15.3139044 14.567 0.006
    69.0089429 14.237 0.006
    64.6931212 14.331 0.006
    87.3151246 14.528 0.006
    89.2974846 14.358 0.006
      9.630191 14.056 0.006
     11.631051 14.203 0.006
    89.9575129 14.131 0.006
    56.6172461 14.556 0.006
    80.3038795 14.002 0.006
    83.3105095 14.059 0.006
    44.9578127 14.414 0.006
    58.3015344 14.362 0.006
     39.673021 14.068 0.006
     55.624711 14.446 0.006
     59.601754 14.027 0.006
     88.666684  14.53 0.006
    83.2579423  14.05 0.006
     5.6551987 14.571 0.006
    50.9828455 14.063 0.006
    44.6299538 14.385 0.006
    40.1525721 14.108 0.006
    72.1250172 14.054 0.006
    32.8635404 14.277 0.006
    44.2849421  14.35 0.006
    89.6136589 14.256 0.006
     7.9311053 14.013 0.006
    39.9198604 14.089 0.006
    69.5843538 14.046 0.006
    81.9165355 14.067 0.006
     32.231247 14.201 0.006
    66.1833121 14.492 0.006
    67.1410821 14.576 0.006
    78.4423238 14.514 0.006
    79.4453338 14.218 0.006
    50.5996387 14.081 0.006
    53.5494987 14.278 0.006
    86.4621638 14.435 0.006
    78.1599821 14.549 0.006
    89.4987638 14.295 0.006
     7.8900402 14.015 0.006
    60.4572987 14.088 0.006
    40.8089553 14.037 0.006
    83.1505721 14.033 0.006
     54.141897 14.326 0.006
    86.2114221 14.394 0.006
    36.4593336 14.562 0.006
    52.7945953 14.166 0.006
    55.7867253 14.477 0.006
     6.1074068 14.518 0.006
    30.7620702 14.008 0.006
    85.4581487 14.336 0.006
    57.4628636 14.547 0.006
    70.7791653 14.074 0.006
    15.7437151 14.564 0.006
    52.6218802 14.126 0.006
    64.9640319 14.351 0.006
    27.6989251 14.228 0.006
    29.6876751 14.085 0.006
       0.67641 14.066 0.006
    75.0242519 14.326 0.006
    35.6550751 14.536 0.006
    27.3390434 14.348 0.006
    50.9741568 14.053 0.006
    23.0117217 14.304 0.006
    66.3910785 14.501 0.006
    37.3814834 14.446 0.006
    41.3000234 14.001 0.006
    53.6541451 14.275 0.006
    45.2874234 14.458 0.006
    67.9365268 14.542 0.006
      28.63472 14.007 0.006
      29.69199 14.092 0.006
    83.3181285 14.069 0.006
     2.6516049 14.323 0.006
    45.9641417 14.534 0.006
    78.9453868 14.375 0.006
    60.3481834 14.087 0.006
    82.9620968 14.018 0.006
    74.6756551 14.308 0.006
     4.3179332 14.503 0.006
    89.0099268 14.459 0.006
    18.6606349 14.036 0.006
    92.9173068 14.008 0.006
    74.3153834 14.282 0.006
    87.6342851 14.556 0.006
    37.9384966  14.27 0.006
    50.2925483 14.095 0.006
    10.9520715 14.062 0.006
    44.0365566 14.329 0.006
    77.9417817 14.571 0.006
      69.65794 14.018 0.006
    34.2909832 14.381 0.006
    15.6487198 14.575 0.006
    49.6407949 14.042 0.006
    53.6170149 14.278 0.006
    65.9449066  14.46 0.006
      89.61689 14.259 0.006
      91.65745 14.091 0.006
    72.9775666 14.048 0.006
    14.9571664 14.525 0.006
      6.272853 14.446 0.006
