         t   Imag  Ierr
---------- ------ -----
  12.06628 13.425 0.006
 0.2503988 13.118 0.006
 1.2332788 13.224 0.006
11.2179488 13.467 0.006
69.7469736 13.134 0.006
   30.0823 13.245 0.006
72.7293836 13.291 0.006
 4.3715576 13.355 0.006
   32.9493 13.416 0.006
20.0474688 13.508 0.006
 8.2485976 13.661 0.006
  37.03747 13.625 0.006
65.8571724 13.518 0.006
53.9863112 13.427 0.006
54.8835712 13.214 0.006
31.1284188 13.291 0.006
18.3036976 13.357 0.006
20.3244276 13.541 0.006
96.7327236 13.149 0.006
 3.5658852 13.305 0.006
75.9878212  13.55 0.006
  65.04953 13.608 0.006
  67.06607 13.449 0.006
27.4369464 13.136 0.006
18.5602452 13.381 0.006
89.9709212 13.564 0.006
53.2901276 13.436 0.006
 0.7686428 13.189 0.006
  91.10531 13.644 0.006
74.3410276   13.4 0.006
89.1627088 13.485 0.006
26.7141728 13.339 0.006
28.6864428 13.209 0.006
 1.8985504 13.235 0.006
16.8371816 13.277 0.006
31.6774228  13.33 0.006
32.5979228 13.395 0.006
89.1226776 13.488 0.006
62.4871552 13.586 0.006
63.4199252 13.649 0.006
35.7532928 13.661 0.006
36.7146528 13.657 0.006
 51.560954 13.544 0.006
24.7714816 13.493 0.006
25.7529716 13.438 0.006
 54.639014 13.296 0.006
41.6308228 13.105 0.006
70.5095852 13.228 0.006
72.4216752 13.276 0.006
18.8526904 13.407 0.006
75.3945152 13.497 0.006
 66.586344 13.479 0.006
15.1070992 13.231 0.006
16.0916992 13.248 0.006
  3.119858 13.283 0.006
59.6948628 13.342 0.006
 74.527874  13.42 0.006
47.8454516 13.515 0.006
 76.482344 13.601 0.006
  7.149108 13.598 0.006
 12.016798 13.431 0.006
 14.072198 13.117 0.006
62.8212816 13.619 0.006
50.8112904  13.64 0.006
 92.548974 13.628 0.006
80.7064928 13.468 0.006
40.9557492 13.234 0.006
18.2040768  13.36 0.006
 6.3632156 13.533 0.006
78.7827016 13.618 0.006
66.7970704 13.463 0.006
14.3236856 13.145 0.006
31.1805668 13.314 0.006
23.4374544 13.598 0.006
55.1001068 13.157 0.006
88.9203892 13.468 0.006
93.8826592 13.509 0.006
42.4446732 13.201 0.006
 49.583736  13.64 0.006
94.4112372  13.48 0.006
44.8466524 13.289 0.006
46.8815324 13.426 0.006
  20.09988 13.512 0.006
 91.564026 13.654 0.006
78.5984748 13.634 0.006
  25.10206 13.474 0.006
 0.3067476 13.127 0.006
15.2077288 13.226 0.006
71.7825936 13.249 0.006
 3.3849976 13.288 0.006
87.6869148 13.356 0.006
68.9074324 13.174 0.006
60.0112312 13.362 0.006
  48.08174 13.536 0.006
93.7827436 13.512 0.006
68.9686112 13.156 0.006
51.1119988 13.614 0.006
54.2107588 13.398 0.006
56.2154088 13.195 0.006
  1.690554 13.233 0.006
  73.09951  13.31 0.006
67.1576288 13.449 0.006
 20.735584 13.573 0.006
 22.607194 13.654 0.006
52.3212564 13.513 0.006
54.3818364 13.365 0.006
42.4796652 13.214 0.006
70.2659676 13.216 0.006
72.3310676 13.275 0.006
74.3277276 13.403 0.006
20.8111828 13.585 0.006
64.3834264  13.65 0.006
23.7568628 13.547 0.006
54.4831252 13.342 0.006
 2.0942004 13.247 0.006
89.2872776 13.491 0.006
64.4944852 13.649 0.006
66.5280152 13.483 0.006
68.5769352 13.272 0.006
84.4093464 13.221 0.006
44.7602128 13.285 0.006
 5.1875292 13.419 0.006
 61.735044 13.513 0.006
77.4337352 13.652 0.006
 65.571394 13.539 0.006
57.6975828 13.246 0.006
18.0402192 13.343 0.006
62.6905228 13.598 0.006
38.9585604 13.468 0.006
55.8763116 13.124 0.006
70.5816228 13.222 0.006
 85.528864 13.247 0.006
 17.200598 13.288 0.006
46.8961404 13.424 0.006
34.9876892 13.609 0.006
 23.198648 13.625 0.006
37.9574592 13.523 0.006
 95.482444 13.425 0.006
68.7311316 13.223 0.006
 4.4247956 13.367 0.006
62.8427304 13.617 0.006
23.1891168 13.627 0.006
10.4119256 13.538 0.006
13.3121756 13.194 0.006
28.2647068  13.16 0.006
84.7490316 13.227 0.006
72.8145604 13.298 0.006
 47.190568 13.449 0.006
89.7959016 13.554 0.006
37.2336868 13.622 0.006
 54.066738 13.416 0.006
68.9789292 13.155 0.006
44.2178768 13.251 0.006
32.3658256 13.375 0.006
93.8680004 13.509 0.006
12.5140132 13.409 0.006
 75.048158 13.461 0.006
64.1515768  13.66 0.006
39.4012744 13.447 0.006
62.2501856 13.559 0.006
40.5827032  13.34 0.006
72.2872156 13.268 0.006
63.3864044 13.654 0.006
24.7798708 13.485 0.006
 45.618202 13.328 0.006
20.8425596 13.586 0.006
22.8847296 13.644 0.006
89.3638944 13.495 0.006
50.9153824 13.629 0.006
  25.15358 13.463 0.006
82.7181848   13.2 0.006
43.0733812 13.229 0.006
88.6870348 13.439 0.006
76.7665136 13.616 0.006
80.7358136 13.463 0.006
12.4306076 13.416 0.006
72.8692524 13.309 0.006
33.2280188  13.46 0.006
22.3347376 13.664 0.006
25.3027276 13.454 0.006
  54.18027 13.405 0.006
 7.5547952 13.624 0.006
81.0451012 13.439 0.006
28.4531164 13.182 0.006
17.6361652  13.31 0.006
34.5196464 13.559 0.006
  9.754094 13.572 0.006
 11.755004 13.431 0.006
41.4511664  13.12 0.006
57.2722576 13.235 0.006
 17.678184 13.319 0.006
 20.599314 13.566 0.006
78.2565788 13.658 0.006
  95.02604 13.445 0.006
13.8578128  13.11 0.006
57.3913964 13.239 0.006
16.8704628 13.278 0.006
45.4903652 13.324 0.006
74.2142176 13.393 0.006
89.1760088 13.487 0.006
76.3308676 13.576 0.006
92.2245388 13.652 0.006
80.3911576 13.482 0.006
 40.625464 13.331 0.006
 42.650794 13.219 0.006
 3.0139304 13.273 0.006
 4.0140904 13.336 0.006
33.7483728 13.489 0.006
63.5721052 13.654 0.006
78.3772264 13.647 0.006
93.3818176 13.529 0.006
 53.636234 13.433 0.006
88.3517264  13.41 0.006
 8.0324892 13.648 0.006
92.4618864 13.631 0.006
 66.605934 13.475 0.006
54.7513828 13.257 0.006
14.1154892 13.134 0.006
42.8509616 13.218 0.006
87.5179052 13.348 0.006
 74.571644 13.418 0.006
  6.199428 13.504 0.006
21.0571792 13.595 0.006
35.9608704 13.652 0.006
92.4517252 13.636 0.006
 82.564274 13.243 0.006
 3.2082968 13.282 0.006
 21.164198 13.604 0.006
10.2946968 13.517 0.006
 28.188238 13.149 0.006
58.9869304 13.292 0.006
 33.239388 13.438 0.006
 35.173848 13.612 0.006
10.4062656 13.512 0.006
82.8054616 13.166 0.006
 44.131778 13.261 0.006
75.8833604 13.535 0.006
 52.190998 13.515 0.006
94.7954016 13.451 0.006
68.0301892 13.402 0.006
69.0966492  13.13 0.006
84.9074104  13.23 0.006
17.4685144 13.307 0.006
20.4247444 13.542 0.006
 63.077218 13.628 0.006
50.2580968 13.662 0.006
10.6009432 13.512 0.006
25.5511744 13.445 0.006
41.2880156 13.138 0.006
29.5580244 13.232 0.006
44.3272456 13.261 0.006
87.9609592 13.379 0.006
62.2997468 13.567 0.006
  8.764052  13.65 0.006
24.6135232 13.502 0.006
 11.674282 13.445 0.006
27.5250732 13.125 0.006
 0.7645308 13.195 0.006
30.6383232 13.266 0.006
32.5212732  13.38 0.006
40.5973332 13.355 0.006
 28.651232  13.22 0.006
 36.636562 13.656 0.006
 38.680482 13.488 0.006
12.9315896 13.316 0.006
 1.0670184 13.221 0.006
31.7929508 13.326 0.006
 47.695212 13.494 0.006
 52.665142 13.485 0.006
69.5170332 13.104 0.006
15.1187472 13.233 0.006
 78.620802 13.625 0.006
66.7384248 13.462 0.006
  13.20733 13.215 0.006
 4.3864588 13.358 0.006
68.8344336 13.189 0.006
19.3261488  13.45 0.006
  49.20055 13.625 0.006
14.5835564 13.188 0.006
32.4389176  13.38 0.006
39.3205976 13.443 0.006
32.5906964 13.391 0.006
 19.740264 13.479 0.006
39.6007652  13.43 0.006
15.8994128 13.236 0.006
 33.725694 13.497 0.006
91.2847988 13.645 0.006
 38.741184  13.48 0.006
55.5710552 13.109 0.006
71.4313564 13.242 0.006
31.9148328 13.353 0.006
35.8356428 13.653 0.006
