              t   Imag  Ierr
--------------- ------ -----
     60.1321235 13.872 0.006
      2.8587546 14.016 0.006
     47.9425854 14.114 0.006
     79.1588835 14.021 0.006
       29.92532 13.873 0.006
     20.7768873 13.904 0.006
     11.6849746 13.937 0.006
     23.8418173 14.111 0.006
     44.9304227 14.213 0.006
       35.94435 14.274 0.006
      7.7589419 14.113 0.006
       38.86857 14.035 0.006
     82.9699408 14.001 0.006
       44.87567 14.205 0.006
     29.8375946 13.887 0.006
      6.6615365 14.212 0.006
      9.6867465 13.896 0.006
       63.86654 14.084 0.006
      5.6318638 14.272 0.006
     31.7471392 13.932 0.006
     85.8766027 14.274 0.006
      8.6108611  14.04 0.006
       81.84235 13.919 0.006
     10.4457457 13.882 0.006
     32.6102211 13.984 0.006
     77.6564119 14.142 0.006
     19.4857757 13.934 0.006
     50.5142538  13.87 0.006
     31.4861084 13.926 0.006
     32.4337284 13.969 0.006
      13.404063 14.056 0.006
     74.5046292 14.163 0.006
     25.4548157 14.252 0.006
      6.1866303 14.265 0.006
     77.5977992 14.148 0.006
     28.4961757 14.058 0.006
     70.5335965 13.875 0.006
     82.5759292 13.972 0.006
      24.401643 14.174 0.006
     15.3476803 14.255 0.006
     77.4659165 14.165 0.006
     89.6817392 13.955 0.006
     13.3215376 14.056 0.006
      37.434183 14.148 0.006
     88.5756465 14.076 0.006
     89.5376565 13.981 0.006
      0.2013822 13.873 0.006
     51.3839357 13.917 0.006
     52.4506857 13.968 0.006
     23.2120176  14.04 0.006
     38.1732103 14.089 0.006
     30.1843976 13.877 0.006
      57.335893 14.164 0.006
     29.1202949 14.004 0.006
     19.1789122 13.998 0.006
      1.0786568 13.902 0.006
      63.276293 14.034 0.006
     38.1037949 14.114 0.006
     40.1888849 13.864 0.006
     13.0808668 14.037 0.006
     45.0592649 14.226 0.006
     56.2693976  14.28 0.006
      8.8517241 14.027 0.006
     53.0807349 14.022 0.006
     11.8193087 13.935 0.006
     78.0356549 14.117 0.006
     64.0058495  14.12 0.006
      6.6913833 14.222 0.006
     39.7939087 13.902 0.006
      2.5967779 13.998 0.006
     31.4488409 13.922 0.006
     22.4085982 13.974 0.006
     15.3752555 14.261 0.006
     36.4584109 14.254 0.006
     88.7058744 14.066 0.006
     82.5896117 13.966 0.006
      4.2889801 14.158 0.006
      75.608249 14.256 0.006
     28.2738328 14.081 0.006
      0.1631947 13.873 0.006
     16.2165074 14.257 0.006
     21.2597674 13.915 0.006
     62.3398582 13.959 0.006
     68.3596682 14.086 0.006
      11.160682 13.912 0.006
     63.3860455 14.042 0.006
     34.2440174 14.141 0.006
     39.2261974 13.993 0.006
0.0919766000001 13.859 0.006
     14.0625493 14.136 0.006
      3.9324339 14.128 0.006
     76.2551628  14.27 0.006
     57.1236474 14.186 0.006
     59.1775274 14.014 0.006
     61.1832574 13.918 0.006
     13.0278239 14.025 0.006
     65.2491474 14.234 0.006
     76.3079601 14.266 0.006
     58.1376447 14.105 0.006
     39.0761293 14.023 0.006
     90.2781728  13.87 0.006
     32.9837766 14.011 0.006
     77.1567074 14.182 0.006
     10.8989785 13.903 0.006
     83.1696274 14.014 0.006
      65.166802 14.234 0.006
     77.2080347 14.176 0.006
      8.8561858 14.026 0.006
     61.0120593 13.903 0.006
     22.8752285 14.013 0.006
     44.0217739 14.116 0.006
     24.9259685 14.223 0.006
     35.8454912 14.277 0.006
     12.8023431 14.008 0.006
     74.0748593  14.11 0.006
     15.7181431 14.273 0.006
     68.0376766 14.115 0.006
     48.8601712 14.039 0.006
     83.0497493 13.997 0.006
     35.7444658 14.268 0.006
     76.8248066 14.224 0.006
     47.7695785 14.125 0.006
     48.8512685 14.033 0.006
     80.8966066   13.9 0.006
     11.6973977 13.929 0.006
       2.519405 13.989 0.006
     14.6518877   14.2 0.006
       7.497635 14.132 0.006
     88.8535066 14.043 0.006
     21.6111177 13.931 0.006
     44.5949131 14.181 0.006
     26.6449377 14.221 0.006
      9.4796923 13.925 0.006
     61.7748658 13.913 0.006
     43.5050304 14.062 0.006
     55.6854331 14.265 0.006
      8.3238396 14.065 0.006
     89.7750812 13.931 0.006
     62.5979631 13.972 0.006
     25.4369423 14.261 0.006
     46.5579277 14.248 0.006
      7.3864169 14.146 0.006
     29.4613623 13.944 0.006
      42.411085 13.969 0.006
     65.5098404 14.249 0.006
     68.5313904 14.066 0.006
      3.2044915 14.043 0.006
     85.5873831 14.254 0.006
      57.454215 14.151 0.006
     79.5455404 13.969 0.006
     50.3966723 13.866 0.006
      71.421875  13.91 0.006
     49.2667569 13.991 0.006
     62.3850096 13.957 0.006
      87.389765 14.165 0.006
     86.3782423 14.275 0.006
     29.0974961 14.011 0.006
       0.958588 13.914 0.006
     41.1003961 13.912 0.006
     66.1813115 14.275 0.006
     42.0140191 13.936 0.006
     54.0528218 14.111 0.006
     46.9224091 14.194 0.006
     90.1762499 13.881 0.006
     82.1510572 13.947 0.006
     84.1727072 14.115 0.006
     78.0598245 14.122 0.006
     80.1016545 13.874 0.006
     44.8906137 14.214 0.006
      35.827041  14.28 0.006
     59.8507464 13.913 0.006
     83.0161118 14.003 0.006
      1.6188475 13.931 0.006
     46.6859883 14.231 0.006
     48.7643883 14.043 0.006
     44.7086956   14.2 0.006
     78.9043337 14.046 0.006
     59.7344983 13.921 0.006
     11.5437648 13.927 0.006
      3.4418921 14.073 0.006
      6.3387921 14.248 0.006
     68.6691483 14.054 0.006
     30.6338775 13.892 0.006
     63.6008356 14.067 0.006
     25.5326048 14.269 0.006
     17.4396821 14.144 0.006
     18.3923921 14.061 0.006
     39.5054475  13.95 0.006
     61.5864629 13.923 0.006
     32.5595448 13.982 0.006
     74.6787256 14.178 0.006
      7.3366667 14.144 0.006
     59.5096602 13.961 0.006
     42.5020648 13.976 0.006
     13.3153567 14.062 0.006
     85.5990356 14.256 0.006
     87.7185056 14.143 0.006
     48.5513548  14.06 0.006
     69.6823202 13.932 0.006
     21.4410567 13.918 0.006
      18.353564 14.068 0.006
      2.2903786 13.972 0.006
     84.5833402 14.165 0.006
      7.3048786 14.149 0.006
     38.4460367 14.062 0.006
     89.6753602  13.95 0.006
     12.2008686 13.959 0.006
      3.2320259  14.05 0.006
     74.5544248 14.161 0.006
      5.2356159 14.255 0.006
     75.5958748 14.256 0.006
     11.0286159 13.913 0.006
     52.4089367 13.962 0.006
     66.3007794 14.271 0.006
     88.4114548 14.095 0.006
     11.1236332 13.912 0.006
      55.261944 14.235 0.006
      57.329054 14.155 0.006
     69.3428467 13.991 0.006
     71.2908067 13.911 0.006
      64.223004  14.13 0.006
     46.1441086 14.269 0.006
      69.329024 14.006 0.006
     21.9863205 13.943 0.006
     12.8598478 14.013 0.006
      75.195714 14.228 0.006
     86.3529867 14.274 0.006
     39.1254432 14.009 0.006
     70.1849213 13.873 0.006
      0.9558824 13.904 0.006
     22.0250278 13.938 0.006
     24.0173078 14.123 0.006
     15.9477351 14.268 0.006
     59.1367459 14.015 0.006
     50.1104532 13.862 0.006
     20.9560651 13.902 0.006
     12.9029024 14.015 0.006
     24.9568151 14.227 0.006
     66.0692859 14.269 0.006
     67.1124759 14.183 0.006
     88.0415513 14.125 0.006
     90.0651013 13.881 0.006
     80.1710786 13.864 0.006
     72.1216359 13.936 0.006
     64.0758232 14.111 0.006
     44.9676978 14.216 0.006
     77.1158859 14.198 0.006
     48.9591978 14.023 0.006
     49.9761878 13.877 0.006
     62.8575405 13.991 0.006
     23.8013297 14.102 0.006
     85.0781559 14.213 0.006
     53.8291351 14.089 0.006
     69.8039278 13.909 0.006
     22.6206143 13.982 0.006
      3.5842889 14.085 0.006
     45.7765597 14.269 0.006
     57.7480024 14.139 0.006
     21.5575216 13.923 0.006
      4.5050662  14.19 0.006
     29.5521716 13.928 0.006
     51.5725543 13.928 0.006
     21.4252992 13.923 0.006
     22.4164292 13.976 0.006
      9.3155438 13.958 0.006
     82.4691973 13.957 0.006
     87.5215973 14.156 0.006
     25.2139884 14.247 0.006
     52.1939011 13.953 0.006
      2.9896276  14.03 0.006
     64.1439038 14.121 0.006
     49.0674884 14.023 0.006
     44.0978557  14.14 0.006
     89.2470965  14.02 0.006
     22.9261576 14.017 0.006
      4.8768922 14.224 0.006
     16.8788549 14.189 0.006
     38.0010103 14.111 0.006
     44.6358066 14.176 0.006
     77.8632647  14.12 0.006
      70.790032 13.884 0.006
     49.6581339  13.92 0.006
      2.3476477 13.969 0.006
     79.6546366 13.938 0.006
     11.3950977 13.917 0.006
     54.4814885 14.158 0.006
     16.3116977 14.256 0.006
     18.2802377 14.068 0.006
     50.3800758 13.864 0.006
     24.1676577 14.138 0.006
     86.4919939 14.262 0.006
      8.2325723 14.072 0.006
     70.5661385 13.868 0.006
     45.2939904 14.244 0.006
     17.1938323  14.15 0.006
     49.4225504 13.958 0.006
     41.3004277 13.912 0.006
     74.4496458 14.147 0.006
      7.1577469 14.155 0.006
     32.1835223 13.953 0.006
     33.2544223 14.053 0.006
      7.1542742 14.158 0.006
     29.0942096 14.015 0.006
     81.4399331 13.911 0.006
     43.3197623 14.036 0.006
     25.1910169 14.238 0.006
     27.1707069 14.165 0.006
     49.2622823 13.987 0.006
     37.0602269 14.178 0.006
     20.0875515 13.874 0.006
     12.0675688 13.939 0.006
     44.1859769 14.136 0.006
     46.2024069 14.266 0.006
      78.228165 14.101 0.006
     69.2594923 14.006 0.006
     50.0944869 13.872 0.006
     47.9912615 14.098 0.006
     34.7805161 14.193 0.006
     76.9019042 14.221 0.006
     42.6670634 13.986 0.006
     66.7058761 14.234 0.006
     27.3996372 14.136 0.006
      6.0314613 14.268 0.006
     84.2755502 14.128 0.006
     89.2422302 14.025 0.006
     43.0882367 14.031 0.006
     57.1347894 14.185 0.006
     20.9485686 13.921 0.006
      49.993464  13.88 0.006
     19.8748359 13.873 0.006
      3.8305705 14.125 0.006
     11.7435005  13.94 0.006
      66.036224 14.285 0.006
     21.8245005 13.949 0.006
      1.5884824 13.935 0.006
     45.6660232 14.278 0.006
      90.010594 13.896 0.006
      4.4919697 14.191 0.006
     76.9264486 14.209 0.006
     19.5602624 13.921 0.006
     82.9319986 14.002 0.006
     75.6578159 14.264 0.006
       7.501517 14.124 0.006
     21.4952297 13.928 0.006
     83.8027859 14.074 0.006
     76.8073032 14.239 0.006
     78.8159532 14.072 0.006
     10.4952443 13.885 0.006
     34.4699297 14.168 0.006
     36.5496597 14.244 0.006
      8.4006816 14.073 0.006
     70.6984378 13.885 0.006
     12.4192016 13.976 0.006
      34.568087 14.182 0.006
     56.4560124 14.242 0.006
     11.2204989 13.935 0.006
     53.6243797 14.075 0.006
     68.6136924 14.095 0.006
     41.4623443 13.928 0.006
     13.3766262 14.063 0.006
     65.4882397 14.271 0.006
     69.3817397 13.984 0.006
     83.3992724 14.044 0.006
     47.1982216 14.171 0.006
     32.1253962 13.949 0.006
     87.3463597 14.161 0.006
     34.0337935  14.12 0.006
      9.8668627 13.857 0.006
      9.5773322   13.9 0.006
     38.6871676 14.053 0.006
     40.6200849 13.892 0.006
      76.680733 14.243 0.006
     41.5666722 13.916 0.006
      86.684673 14.236 0.006
     11.3418414 13.918 0.006
     47.4761695 14.136 0.006
     60.5725122 13.874 0.006
     45.4186968 14.256 0.006
     88.6292076  14.07 0.006
     64.4777895 14.159 0.006
     77.5265022 14.152 0.006
     81.5346522 13.916 0.006
     84.4510522  14.14 0.006
     48.3013914 14.083 0.006
     10.1661506 13.865 0.006
     85.4066195 14.246 0.006
     47.2337287  14.17 0.006
     70.3457441 13.868 0.006
     62.2665414 13.946 0.006
     65.3285014  14.24 0.006
     78.3954441 14.083 0.006
     90.2992968 13.871 0.006
     22.9759779 14.018 0.006
     75.2159614 14.226 0.006
     87.3916941 14.157 0.006
     69.2710087 13.995 0.006
     81.2714214 13.908 0.006
     83.2116414 14.021 0.006
      4.9344198 14.231 0.006
     37.0722179 14.173 0.006
      9.0158298 13.993 0.006
     10.9869798 13.914 0.006
     11.9324298 13.938 0.006
     84.2481787 14.122 0.006
     36.0203152 14.275 0.006
     88.2326487 14.108 0.006
     90.2258387 13.875 0.006
      1.7904944  13.94 0.006
     23.9794198 14.114 0.006
     50.0171252 13.878 0.006
     42.0039025 13.934 0.006
      3.8919717 14.111 0.006
     15.7139544 14.273 0.006
     77.0854206 14.196 0.006
     69.0447479 14.027 0.006
     40.9316298 13.901 0.006
     42.9160598 13.996 0.006
     65.0757852 14.213 0.006
     67.9009052 14.121 0.006
     69.9311652 13.891 0.006
     42.7414971 13.986 0.006
     34.7805044 14.193 0.006
     55.8933398 14.271 0.006
     77.9201352 14.122 0.006
      19.642969 13.907 0.006
     71.8956025 13.922 0.006
      3.5851836 14.077 0.006
      25.669389 14.256 0.006
     37.7188117 14.126 0.006
      29.662709 13.904 0.006
      31.656019 13.927 0.006
     19.5053936 13.925 0.006
     31.5775363 13.915 0.006
      44.519679 14.161 0.006
      47.519359 14.135 0.006
      49.638439 13.926 0.006
     82.7674371 13.976 0.006
     16.3273282 14.243 0.006
     68.6505217 14.048 0.006
     31.4312109 13.913 0.006
     24.3916182 14.162 0.006
     80.5281217 13.867 0.006
     13.2620828 14.038 0.006
     36.3574482 14.248 0.006
      79.565389 13.957 0.006
     46.3919782 14.249 0.006
     10.1304447 13.852 0.006
     16.1461247 14.251 0.006
     23.1259104 14.038 0.006
     65.2319185 14.229 0.006
     52.1111331 13.954 0.006
     43.0152977 14.016 0.006
     16.9256196 14.183 0.006
      3.7862942 14.105 0.006
     26.8773496 14.195 0.006
     21.7870769  13.93 0.006
     65.0282277 14.216 0.006
      3.6440088 14.097 0.006
     47.8399696 14.127 0.006
      9.6558788 13.883 0.006
     47.7578369 14.125 0.006
     89.9581977 13.916 0.006
     61.8630096 13.929 0.006
     43.6314515 14.077 0.006
     19.6139434 13.914 0.006
       5.509788 14.276 0.006
     48.5272488 14.069 0.006
     72.7671542 13.978 0.006
     15.3913153 14.257 0.006
      29.462838 13.938 0.006
     62.5723261 13.968 0.006
     75.6907788 14.254 0.006
     62.5602534 13.964 0.006
      8.2490272 14.073 0.006
     10.2741772 13.867 0.006
     39.3598726 13.972 0.006
      6.0753118 14.264 0.006
     48.2718626 14.087 0.006
     51.4022926 13.925 0.006
     14.1335918 14.142 0.006
     26.1090645 14.274 0.006
      0.8941764  13.91 0.006
     65.1561426 14.223 0.006
     35.0689945  14.22 0.006
      9.8893164  13.87 0.006
     78.1494826 14.099 0.006
     53.9982945 14.103 0.006
     20.7988637 13.897 0.006
     58.9559518  14.03 0.006
     89.0206772 14.031 0.006
      74.672584  14.18 0.006
     71.6211086 13.927 0.006
     61.4444332  13.92 0.006
     18.1675297 14.085 0.006
     81.4848959 13.918 0.006
     32.2540897 13.957 0.006
     66.3020378 14.262 0.006
      9.1346216 14.013 0.006
     71.3952278 13.921 0.006
      35.229297 14.227 0.006
     29.1692943 14.002 0.006
     73.3335251 14.049 0.006
     37.0447643 14.169 0.006
     15.9829462 14.261 0.006
      59.092627 14.026 0.006
     20.9918662 13.896 0.006
     74.1129697 14.099 0.006
     16.8921035 14.187 0.006
     90.2122124 13.864 0.006
     11.9143008 13.937 0.006
     34.0007062 14.125 0.006
     87.0957197 14.178 0.006
     72.0431443 13.946 0.006
     74.1310743 14.124 0.006
     56.0197589  14.27 0.006
     38.9009335  14.04 0.006
     82.9714143 14.002 0.006
     87.0535643 14.215 0.006
     69.0280889 14.032 0.006
     50.9100735 13.898 0.006
     32.8978481 14.017 0.006
        4.75904 14.213 0.006
     25.6951754 14.277 0.006
     78.0731089 14.124 0.006
     70.9673562 13.923 0.006
     61.7577035 13.928 0.006
     53.8703608 14.097 0.006
      8.6720373 14.051 0.006
     70.9501435 13.909 0.006
     13.5599173 14.087 0.006
      5.5976146 14.279 0.006
      7.6170946 14.138 0.006
     80.9038935 13.899 0.006
     43.6813427 14.083 0.006
     46.6980727 14.239 0.006
     60.7694054 13.898 0.006
     74.6867781 14.182 0.006
       47.51357  14.15 0.006
     61.7246227 13.929 0.006
      6.3108865  14.26 0.006
     13.2605565 14.055 0.006
       71.46994 13.898 0.006
       82.42722 13.949 0.006
     39.1386238 14.016 0.006
     44.9712587 14.224 0.006
     29.9036533 13.885 0.006
     61.9419487 13.936 0.006
     41.7799379  13.94 0.006
      3.6226871 14.101 0.006
      5.5322371  14.27 0.006
     87.9042887 14.141 0.006
     42.6965152 13.991 0.006
     58.7432079  14.06 0.006
     36.5052398 14.243 0.006
     88.8374633 14.048 0.006
     18.3533217 14.063 0.006
     20.4270917 13.887 0.006
      8.3075463 14.068 0.006
     51.5446271 13.921 0.006
     43.4875544 14.069 0.006
      5.3704936 14.271 0.006
     69.4967898 13.987 0.006
     84.5679825 14.154 0.006
     75.5986198 14.263 0.006
      37.457929 14.147 0.006
     49.4242517 13.976 0.006
     13.2874709 14.057 0.006
     27.2492336 14.174 0.006
     39.3037963 13.996 0.006
     42.2904963 13.968 0.006
     44.3540463 14.161 0.006
     14.0398855 14.142 0.006
     85.2643717 14.231 0.006
     31.1754055 13.923 0.006
     50.2181582  13.87 0.006
     65.2371709 14.234 0.006
     38.1391028 14.102 0.006
      1.6967093 13.942 0.006
     55.8789201 14.263 0.006
     67.8284701 14.129 0.006
     47.5771166 14.148 0.006
     71.4429942 13.914 0.006
     46.2840861 14.275 0.006
     31.2238907 13.922 0.006
     46.2198934 14.277 0.006
     61.2806161 13.915 0.006
      5.0055799 14.241 0.006
     29.0427753 14.018 0.006
     15.8943899 14.283 0.006
     89.2371888 14.033 0.006
     85.1357461 14.222 0.006
     17.9656772 14.108 0.006
     27.8172972 14.128 0.006
     25.8011845 14.277 0.006
      80.103998 13.879 0.006
     74.9678226 14.215 0.006
      7.6639237 14.139 0.006
     10.6814037 13.904 0.006
     14.6079937 14.204 0.006
     87.9348026 14.139 0.006
     81.0085299 13.905 0.006
     86.9503399  14.23 0.006
     68.8981045 14.047 0.006
     32.6922737   14.0 0.006
      25.627061  14.27 0.006
     39.6649737  13.92 0.006
     11.5789056 13.932 0.006
     74.8133218  14.19 0.006
     29.5098083 13.943 0.006
     33.5968783  14.08 0.006
     17.4594829 14.139 0.006
      1.4511775 13.928 0.006
      55.591461 14.266 0.006
     29.4790629 13.934 0.006
     74.6579037 14.163 0.006
     57.4431783  14.14 0.006
      69.596921 13.962 0.006
     44.4693129  14.17 0.006
     66.5077583  14.26 0.006
     19.3377148  13.95 0.006
     75.5059783 14.239 0.006
     18.2801121 14.072 0.006
     11.1358494 13.915 0.006
     57.3374802 14.157 0.006
     71.3498729  13.91 0.006
     45.2335848 14.235 0.006
     89.3213256 14.002 0.006
