             t   Imag  Ierr
-------------- ------ -----
    65.3197988 13.413 0.005
    23.9162097 13.535 0.005
    78.3536088 13.285 0.005
    39.7945097 13.435 0.005
    69.8574091 13.369 0.005
      27.37587 13.321 0.005
    42.7604397 13.045 0.005
    72.6907591 12.927 0.005
    60.3145494 13.101 0.005
    17.8479103 13.127 0.005
     4.4165906 13.185 0.005
    49.8302697 13.329 0.005
    65.2973594 13.418 0.005
    54.7340997 13.388 0.005
    13.3478706 13.224 0.005
      47.37584 13.155 0.005
    68.8205297 13.423 0.005
    42.8674403 13.003 0.005
    30.4077106  13.08 0.005
    17.8495209 13.132 0.005
    34.3673006 13.241 0.005
    83.8621497 13.378 0.005
      73.28305 13.019 0.005
      76.36836 13.148 0.005
    35.8252309 13.358 0.005
    25.8451915 13.388 0.005
    13.4327018 13.206 0.005
    32.7925215 13.145 0.005
    78.3525906 13.284 0.005
    21.2928018 13.364 0.005
    51.3307412 13.458 0.005
    66.7674909 13.527 0.005
    53.3364712  13.53 0.005
    10.7062921 13.458 0.005
    69.6454709 13.381 0.005
    69.8324709 13.372 0.005
    27.1846218 13.349 0.005
    57.2975412 13.032 0.005
     0.4280724 12.951 0.005
    74.7356709 13.101 0.005
    47.7558115 13.186 0.005
    35.3556918 13.324 0.005
    79.8130709 13.415 0.005
    52.6896815 13.536 0.005
    11.3942024  13.39 0.005
    29.8741621 13.025 0.005
    33.8913821 13.212 0.005
    78.2884812 13.281 0.005
    21.2939124 13.368 0.005
    36.8417221  13.46 0.005
    37.8048921 13.528 0.005
    82.3390512 13.526 0.005
    39.7645821 13.435 0.005
    44.6818721 13.068 0.005
    61.2261318 13.124 0.005
    53.8006421  13.49 0.005
    55.7167021 13.368 0.005
    70.3083218 13.363 0.005
     14.339313 12.912 0.005
    59.7410321 13.082 0.005
    79.1892818 13.356 0.005
    66.7852621 13.521 0.005
    11.8523133 13.387 0.005
    71.6556421 13.086 0.005
     0.3761736 12.939 0.005
     32.156173 13.124 0.005
     36.209643 13.396 0.005
    11.7441239 13.382 0.005
     3.2080542 13.123 0.005
    38.2443436 13.532 0.005
     70.171423 13.364 0.005
    42.6972239 13.078 0.005
    14.7124445 12.922 0.005
     5.6998072 13.269 0.005
    85.0538957 13.349 0.005
    13.6117872 13.124 0.005
    45.6005966 13.096 0.005
    17.6177672 13.124 0.005
     77.602346 13.228 0.005
    52.5517366 13.516 0.005
    68.1486763  13.49 0.005
    25.6238472 13.386 0.005
    26.6359072 13.363 0.005
    83.0322463 13.461 0.005
    41.5858272 13.352 0.005
    76.5735466 13.167 0.005
    38.1493575  13.53 0.005
    68.0321769 13.517 0.005
    30.5845578 13.088 0.005
    62.6271372 13.196 0.005
    79.1222269 13.354 0.005
    36.6444078 13.441 0.005
    41.6265778 13.352 0.005
    86.1352969 13.091 0.005
    75.5728372 13.124 0.005
    13.0847387 13.301 0.005
    15.1002587 12.983 0.005
    59.5239078 13.086 0.005
      3.621229 13.141 0.005
    63.5834778 13.263 0.005
    51.1583481 13.444 0.005
    38.6710984 13.529 0.005
    68.6642778 13.445 0.005
    70.5817678 13.353 0.005
    28.1405587  13.12 0.005
    29.1232087 12.907 0.005
     3.1138193 13.124 0.005
     21.600319 13.397 0.005
    40.1388487 13.403 0.005
     27.613199 13.295 0.005
    15.2089693 13.005 0.005
    46.1846187 13.111 0.005
     4.6725096 13.189 0.005
     35.587219 13.341 0.005
    23.1367693 13.511 0.005
    53.1738387 13.526 0.005
     39.676609 13.444 0.005
    69.5305384 13.388 0.005
    33.1516093 13.155 0.005
    63.1240087 13.226 0.005
     7.0890499  13.39 0.005
     9.1892199 13.529 0.005
    82.5451484 13.505 0.005
    14.0759599 12.944 0.005
     59.506819 13.078 0.005
    17.1181399 13.107 0.005
     3.4550902 13.141 0.005
     62.479729 13.186 0.005
     5.5907802 13.257 0.005
    50.9954293 13.433 0.005
    81.9443387 13.535 0.005
     69.545349 13.383 0.005
    12.4684702 13.362 0.005
    57.9441393 12.906 0.005
     0.9946405 13.041 0.005
    49.5516596 13.297 0.005
    37.9636799  13.52 0.005
    25.4584602 13.422 0.005
    70.0278993 13.365 0.005
    43.9498499 12.952 0.005
    59.5099796 13.083 0.005
    45.9669599 13.103 0.005
    47.9355199 13.188 0.005
    79.0481693 13.346 0.005
    36.5484702 13.433 0.005
    68.4813096 13.474 0.005
    27.9677605 13.186 0.005
    43.4899002 12.905 0.005
    74.4998296 13.093 0.005
    48.5076102 13.219 0.005
    38.0088905 13.526 0.005
    54.4997702 13.406 0.005
    26.5376008 13.371 0.005
    48.0097805 13.193 0.005
     5.4817314 13.252 0.005
    66.4209302 13.505 0.005
    40.4507208 13.385 0.005
     5.9530317 13.281 0.005
    26.5330414 13.357 0.005
    15.9900117 13.071 0.005
      6.479302 13.331 0.005
    38.4885714 13.527 0.005
    74.4260708  13.09 0.005
    62.9196111 13.214 0.005
    59.4161014 13.079 0.005
    17.9676923 13.141 0.005
    16.8870544 13.095 0.005
     4.3944847 13.184 0.005
    49.9098038 13.338 0.005
     8.4351047 13.501 0.005
    25.9632144 13.382 0.005
    72.3219535 12.904 0.005
    47.3174241 13.151 0.005
    77.3864735 13.215 0.005
    25.4659547 13.412 0.005
    55.3263741 13.382 0.005
    72.8014838  12.94 0.005
     1.4773353 13.074 0.005
     16.847095 13.099 0.005
    61.2802441 13.127 0.005
    85.7798438 13.235 0.005
    17.4285653 13.117 0.005
    49.3315647  13.28 0.005
     8.9263456 13.526 0.005
    11.9306556  13.37 0.005
     43.901735 12.944 0.005
    73.9280644 13.079 0.005
    33.3513353 13.181 0.005
    20.8041056 13.316 0.005
    80.8040944 13.494 0.005
    69.2361347 13.392 0.005
    13.4201059 13.202 0.005
     1.8212562 13.087 0.005
    76.3737947 13.154 0.005
     5.8240962 13.277 0.005
    79.3864347 13.369 0.005
    51.2696553 13.451 0.005
    52.2351753 13.511 0.005
     67.806975 13.519 0.005
     68.840985 13.425 0.005
    27.3880359 13.332 0.005
     72.901245 12.958 0.005
    15.9765962 13.082 0.005
     74.773085 13.103 0.005
    33.3309859 13.177 0.005
    49.8208056 13.318 0.005
    36.3318459 13.417 0.005
     9.3295065 13.531 0.005
    40.3731259 13.386 0.005
    41.2990559 13.361 0.005
    42.4245059 13.193 0.005
    44.3164459 13.014 0.005
     7.8061568 13.453 0.005
    10.7619768 13.443 0.005
    11.9163368 13.375 0.005
    13.8186568 13.037 0.005
    73.7844356 13.077 0.005
    59.3107559 13.084 0.005
     2.3557871 13.099 0.005
     3.3329571 13.126 0.005
    64.3188659 13.325 0.005
    50.7626762 13.405 0.005
     8.3189571 13.492 0.005
    23.7867068 13.531 0.005
    82.7677056 13.484 0.005
    69.2527259 13.388 0.005
    44.2661765  13.01 0.005
    19.2070171   13.2 0.005
    81.2402859 13.524 0.005
    11.8042374 13.378 0.005
     1.3294977  13.07 0.005
    18.8589374 13.177 0.005
    49.8480068 13.321 0.005
    80.7607962 13.492 0.005
    25.7950374 13.389 0.005
    57.7765368 12.907 0.005
    46.2512371 13.133 0.005
    79.2227565 13.359 0.005
    54.3104871 13.425 0.005
    84.2416665 13.379 0.005
    41.7813674 13.339 0.005
     13.869558 13.016 0.005
    44.7794274 13.063 0.005
    61.2255371 13.124 0.005
    64.1817571 13.312 0.005
    50.7075174 13.405 0.005
    37.2785277 13.496 0.005
     24.769728 13.491 0.005
    69.3082171 13.394 0.005
    71.1658371 13.266 0.005
    44.3330877 13.023 0.005
     1.7593886 13.091 0.005
    61.7120974 13.141 0.005
     34.830988 13.279 0.005
    22.3228983 13.459 0.005
    82.2497071 13.524 0.005
     39.722178 13.441 0.005
    70.6721674 13.348 0.005
    13.7133886 13.074 0.005
    15.8288186  13.07 0.005
    61.1792477 13.119 0.005
    12.2256889 13.362 0.005
    42.2100583 13.255 0.005
    21.2170989 13.353 0.005
     8.7719192 13.507 0.005
    83.2270677 13.437 0.005
    57.2236583 13.056 0.005
    15.7635792 13.064 0.005
    61.2540683 13.126 0.005
    51.7348486 13.488 0.005
    40.2183689 13.392 0.005
    40.7269192 13.381 0.005
     5.2448601 13.233 0.005
    47.6593207 13.176 0.005
    20.6667013 13.309 0.005
    69.1924704 13.387 0.005
    20.1671216 13.276 0.005
    84.1321004 13.379 0.005
    56.6599513 13.271 0.005
     5.7239425 13.272 0.005
    38.6783919 13.535 0.005
    27.2315722  13.34 0.005
    45.5600919 13.098 0.005
     9.2419328 13.536 0.005
    24.1497628 13.526 0.005
    15.6419831  13.06 0.005
     5.2098734 13.233 0.005
     9.1569534 13.527 0.005
    69.1558922 13.399 0.005
    57.6398525 12.922 0.005
    75.0797022 13.108 0.005
    19.1042334   13.2 0.005
     6.7361437 13.359 0.005
     8.7519637 13.517 0.005
    54.1243128  13.45 0.005
    41.9568291  13.31 0.005
    70.9386885 13.313 0.005
     2.9697403 13.118 0.005
    64.9624891 13.373 0.005
    79.4551788 13.383 0.005
    53.3767794 13.504 0.005
    38.8909497 13.512 0.005
       33.4087 13.174 0.005
    18.9230903 13.176 0.005
    15.4647006 13.028 0.005
      44.44629 13.027 0.005
    34.9382403 13.277 0.005
    63.9198197 13.277 0.005
      55.44795 13.363 0.005
    26.4729706 13.375 0.005
      58.42232 12.956 0.005
    72.9147497 12.952 0.005
    31.4874706 13.092 0.005
    45.9798903 13.089 0.005
    47.8900303 13.174 0.005
    18.9150609 13.177 0.005
    49.9102803 13.325 0.005
    49.9135603 13.331 0.005
     8.4368012 13.495 0.005
    51.9075103 13.497 0.005
    12.3874712 13.347 0.005
      70.34733 13.349 0.005
      72.47295 12.913 0.005
    43.4979706 12.886 0.005
       74.4787 13.099 0.005
    16.5254212 13.088 0.005
    51.3816706 13.453 0.005
    65.8741003 13.448 0.005
    54.4113006 13.407 0.005
    25.4363312 13.411 0.005
    41.9397609 13.318 0.005
    70.9271103 13.316 0.005
    72.8463603 12.945 0.005
     0.4039518 12.937 0.005
    61.3566706 13.129 0.005
    17.8925415 13.125 0.005
    38.4870112 13.516 0.005
    52.9794309 13.519 0.005
    28.9707615 12.898 0.005
    72.4414706 12.889 0.005
    16.4299218 13.086 0.005
    45.4115012 13.086 0.005
    76.4768206 13.158 0.005
    18.5235618 13.156 0.005
    34.9828715 13.283 0.005
    80.4530806 13.462 0.005
    22.4998018  13.47 0.005
    38.9824815 13.498 0.005
    82.4531906  13.51 0.005
    26.4561718 13.365 0.005
    28.5133718 12.952 0.005
    63.4285112 13.244 0.005
    48.9426715 13.249 0.005
    21.9672021 13.411 0.005
    81.8921109 13.528 0.005
    52.9171515 13.536 0.005
    11.4674724 13.374 0.005
    25.9599121 13.385 0.005
    56.9258115 13.179 0.005
    27.9508421 13.181 0.005
     1.0016727 13.036 0.005
    58.9615215 13.039 0.005
    77.3481812 13.205 0.005
    62.8623515 13.201 0.005
    24.8041927 13.479 0.005
    24.8077627 13.475 0.005
     13.322043 13.222 0.005
    71.2821718 13.226 0.005
     19.265443 13.195 0.005
    77.2256018 13.188 0.005
     25.288013 13.422 0.005
    39.7807227 13.426 0.005
     42.253483 13.238 0.005
    28.7456033 12.905 0.005
    45.2655136 13.087 0.005
    45.2691536 13.087 0.005
     8.7606172 13.504 0.005
    52.2316463 13.511 0.005
    65.2333363 13.412 0.005
    41.2165869 13.357 0.005
    72.2530163 12.892 0.005
    43.2783169   12.9 0.005
    21.2866775 13.365 0.005
    64.7576566 13.355 0.005
    72.6920166 12.942 0.005
    58.2064369 12.921 0.005
    62.2481069 13.171 0.005
    62.2516469 13.176 0.005
    57.6856872 12.918 0.005
     3.7919284  13.15 0.005
    61.7517872 13.135 0.005
    24.1775081 13.531 0.005
    38.6699378 13.531 0.005
    15.7288984 13.099 0.005
    73.6890072 13.062 0.005
    11.3113987 13.388 0.005
    31.6999484 13.108 0.005
    50.0959081 13.338 0.005
    35.6103084 13.349 0.005
    23.1215087 13.504 0.005
    52.1032581 13.523 0.005
    29.2681487  12.93 0.005
    72.7390278 12.927 0.005
     3.2588893 13.154 0.005
    32.2406287 13.148 0.005
    78.6778178  13.31 0.005
     20.724699 13.307 0.005
    67.1137581 13.507 0.005
     23.649799 13.523 0.005
    53.5664284 13.496 0.005
    68.0589981 13.531 0.005
     25.813469 13.385 0.005
    11.3277793 13.378 0.005
    85.7587478 13.234 0.005
    42.2947987 13.245 0.005
    73.0603181 12.982 0.005
     0.6180696 12.978 0.005
    18.0985993 13.136 0.005
     3.6127196 13.148 0.005
    49.2170387 13.264 0.005
     34.731199  13.27 0.005
     7.7658696 13.442 0.005
     9.6401396 13.524 0.005
     38.621719 13.531 0.005
    69.6085984 13.376 0.005
    84.1012181 13.376 0.005
    28.1327893 13.097 0.005
     42.625219 13.099 0.005
    34.1277993 13.219 0.005
    77.5986884  13.25 0.005
    65.1308087 13.386 0.005
     7.1775499 13.399 0.005
    81.6042684 13.516 0.005
     52.630059 13.521 0.005
    40.2705693  13.37 0.005
    83.7412984 13.393 0.005
    27.6494696 13.275 0.005
    71.1201687 13.281 0.005
    73.1407687 12.992 0.005
    29.6766396 13.006 0.005
    48.2643693 13.196 0.005
     62.756809 13.194 0.005
    54.2702993 13.405 0.005
    10.8061702 13.422 0.005
    29.2224799 12.933 0.005
    58.2040693 12.953 0.005
    16.7682402 13.096 0.005
    60.2389793 13.095 0.005
    18.7587702 13.172 0.005
    62.2295193 13.171 0.005
     7.1316905 13.394 0.005
    69.0779093 13.392 0.005
    25.6139702 13.391 0.005
    45.0263899 13.091 0.005
    45.0484199 13.088 0.005
    49.0837299 13.259 0.005
     5.6198308 13.264 0.005
    54.0347299 13.455 0.005
    39.5491102 13.475 0.005
    52.5306902 13.527 0.005
    38.0450805 13.542 0.005
     7.0652438 13.385 0.005
    21.5579535 13.385 0.005
    19.5386541 13.222 0.005
    63.0096132 13.219 0.005
    84.9492032 13.358 0.005
    12.5070147  13.36 0.005
      3.050085 13.142 0.005
    75.4992735 13.147 0.005
    51.4731741 13.468 0.005
      8.009265 13.475 0.005
    57.5041641 12.961 0.005
     14.040235 12.955 0.005
    76.0266538 13.152 0.005
    47.0518644 13.127 0.005
     8.5810953 13.506 0.005
    66.5411541  13.51 0.005
     29.950385 13.046 0.005
    58.9321844 13.023 0.005
    47.5279247 13.164 0.005
     33.042275 13.152 0.005
     8.9730756 13.527 0.005
    52.4440047 13.533 0.005
    69.9740644 13.391 0.005
     40.999265 13.382 0.005
    32.5150453 13.142 0.005
    61.4967947 13.128 0.005
     49.022245 13.265 0.005
    34.5365553 13.278 0.005
    21.9187656 13.413 0.005
    65.3896647 13.422 0.005
    10.5326659 13.456 0.005
    10.5361459 13.455 0.005
     55.990395 13.363 0.005
    70.4830247 13.344 0.005
    16.5190159  13.12 0.005
     59.989915 13.092 0.005
     63.829845 13.288 0.005
    34.8550156 13.285 0.005
     7.9000762 13.456 0.005
    80.3492447  13.47 0.005
    55.3784153 13.375 0.005
    84.3601347 13.372 0.005
    43.9063156 12.959 0.005
    14.9314862 12.949 0.005
    31.5165159 13.106 0.005
    17.0308462   13.1 0.005
    63.4604153 13.253 0.005
     5.5073065 13.251 0.005
    52.9108356 13.529 0.005
    67.4034253 13.527 0.005
    69.4338253 13.381 0.005
    11.4807365 13.384 0.005
    56.8392256 13.228 0.005
    13.3752565 13.222 0.005
    29.8873762 13.045 0.005
    15.4016965 13.035 0.005
    17.3573965  13.15 0.005
    17.3608265 13.111 0.005
    62.8659456 13.229 0.005
    33.8911162 13.209 0.005
    21.4863665 13.384 0.005
    35.9789762 13.381 0.005
    52.4326159 13.525 0.005
    52.4360759 13.532 0.005
    54.3660359 13.424 0.005
    68.8586156 13.421 0.005
    41.9665162 13.315 0.005
    43.8742962 12.975 0.005
    14.8994768 12.962 0.005
    31.4754765 13.115 0.005
    45.9680662 13.105 0.005
     4.4519171 13.188 0.005
    49.0113662 13.257 0.005
    49.0159262 13.257 0.005
    79.8683656 13.427 0.005
    21.9152568 13.419 0.005
    67.3748859 13.527 0.005
    81.8674856 13.527 0.005
    83.8210156 13.386 0.005
    69.3353559 13.386 0.005
    56.9612162 13.184 0.005
     0.9404774 13.062 0.005
    46.3534665 13.125 0.005
    75.3352159 13.112 0.005
    33.8949868 13.213 0.005
    33.8984568 13.212 0.005
    23.3811471 13.513 0.005
    81.3411659 13.523 0.005
    53.4512565 13.504 0.005
    82.4330259 13.518 0.005
    84.5047459  13.37 0.005
    12.0625474 13.371 0.005
    28.5746771 12.935 0.005
    14.0890174 12.931 0.005
    45.0123868 13.083 0.005
    75.9879762  13.14 0.005
     5.5497477 13.254 0.005
    22.0437574 13.427 0.005
    22.0472074 13.438 0.005
    82.9276162 13.462 0.005
    82.9310862 13.468 0.005
    55.9556268 13.354 0.005
    41.4699471 13.352 0.005
    73.4231365  13.04 0.005
      0.980918 13.041 0.005
    46.4444871  13.11 0.005
    60.9370968 13.114 0.005
    77.3663065 13.213 0.005
    19.4132477 13.215 0.005
    79.3002165 13.368 0.005
    64.8145668 13.373 0.005
    81.3157065  13.52 0.005
    37.8517574 13.521 0.005
    39.8332374 13.427 0.005
    25.3475777 13.435 0.005
    41.8520974 13.327 0.005
    70.8338568 13.337 0.005
     14.870848 12.953 0.005
    29.3634877  12.97 0.005
    60.3391171 13.096 0.005
    31.3643277 13.093 0.005
     18.868888 13.179 0.005
    47.8506674 13.176 0.005
     6.3734983 13.324 0.005
    78.8227168 13.328 0.005
    66.3505371 13.494 0.005
    37.3757477 13.504 0.005
    55.8659374 13.363 0.005
    41.3802977 13.366 0.005
    73.4120471 13.043 0.005
    58.9264074 13.032 0.005
     31.904728 13.105 0.005
     2.9299386 13.107 0.005
    64.7977874  13.37 0.005
     35.823008 13.378 0.005
    23.4197183  13.52 0.005
    23.4232183 13.531 0.005
    55.3178377 13.379 0.005
    11.8539386 13.381 0.005
    59.3068277 13.072 0.005
    59.3103577 13.079 0.005
     3.4262089  13.14 0.005
    75.8754274 13.152 0.005
    35.3667683 13.318 0.005
     6.3920289 13.325 0.005
     52.810858 13.535 0.005
    23.8371486 13.539 0.005
     55.792188 13.368 0.005
    70.2848677 13.374 0.005
    46.4119783 13.112 0.005
    17.4372289 13.121 0.005
     5.9022392 13.288 0.005
    34.8840386 13.309 0.005
    23.3646089  13.52 0.005
    52.3464183  13.53 0.005
    15.8489892 13.076 0.005
    44.8308086 13.084 0.005
    47.8212086 13.169 0.005
    47.8247886 13.183 0.005
     77.823828 13.238 0.005
    16.3182495 13.089 0.005
    16.3217895 13.101 0.005
     5.3552601 13.238 0.005
     5.3588101 13.234 0.005
    85.7554301 13.248 0.005
    13.3132916 13.244 0.005
    28.3437116 13.011 0.005
    36.3146616 13.417 0.005
    59.7820813 13.097 0.005
     1.8290325  13.09 0.005
    52.2677616 13.524 0.005
    66.7604113 13.518 0.005
    28.3052322 13.045 0.005
    42.7978819 13.018 0.005
    33.2768422 13.189 0.005
    33.2803222 13.177 0.005
     7.3166328 13.414 0.005
    12.2815728 13.365 0.005
    70.2416316 13.353 0.005
    49.2733022 13.282 0.005
    34.7876425 13.276 0.005
    25.2931728 13.427 0.005
    85.2550816 13.343 0.005
    27.3019928 13.341 0.005
    32.1494328 13.133 0.005
    32.1529128 13.129 0.005
    48.8076025 13.244 0.005
    63.3002222 13.244 0.005
    51.7822025 13.499 0.005
    37.2965628 13.489 0.005
    39.3100728  13.49 0.005
    56.6093325 13.283 0.005
    85.5910719 13.287 0.005
    51.1533328 13.446 0.005
    10.6388837 13.449 0.005
    31.3040734 13.117 0.005
      7.225624 13.408 0.005
      7.229064 13.405 0.005
    69.2379228   13.4 0.005
    54.7522631  13.39 0.005
     22.297634 13.465 0.005
    51.2793334 13.475 0.005
     24.282454 13.523 0.005
    85.2071528 13.341 0.005
     2.1586246 13.097 0.005
     2.1621046 13.092 0.005
    77.7001331 13.244 0.005
     5.2578746 13.241 0.005
    21.7337043   13.4 0.005
     7.2480246 13.415 0.005
    69.1581234 13.404 0.005
    16.2168646 13.086 0.005
    16.2203346 13.082 0.005
     50.231334 13.366 0.005
    30.2788346 13.067 0.005
     1.3040152 13.081 0.005
    20.6350249 13.307 0.005
    78.5950637 13.302 0.005
    24.6991149 13.482 0.005
    10.2134352 13.491 0.005
    27.7468149 13.257 0.005
    42.2394346  13.25 0.005
    17.2029552 13.119 0.005
    60.6738343 13.106 0.005
    19.1307852 13.198 0.005
     77.090834 13.197 0.005
     81.040794 13.503 0.005
     8.5985555 13.507 0.005
    41.6186649 13.346 0.005
    27.1329852 13.348 0.005
    72.6284943 12.929 0.005
    14.6754055 12.915 0.005
    19.6427755 13.235 0.005
    19.6462655 13.235 0.005
    70.0457046 13.363 0.005
    55.5600249 13.366 0.005
    62.6077549 13.198 0.005
    48.1220852 13.196 0.005
     0.1326464 12.911 0.005
     0.1472764 12.906 0.005
    68.0555652   13.5 0.005
    82.5481849 13.503 0.005
    74.5475676 13.104 0.005
    16.5945488  13.08 0.005
    59.5407482 13.097 0.005
    74.0333979 13.073 0.005
    73.0485585 12.991 0.005
    58.5628988 12.973 0.005
    70.4989088 13.362 0.005
    84.9915185 13.351 0.005
    31.9976097 13.134 0.005
    75.4685188 13.104 0.005
    80.5752688 13.481 0.005
      22.62218 13.474 0.005
    53.5306294 13.516 0.005
    68.0232291 13.512 0.005
    77.0151091 13.197 0.005
     4.5728706  13.19 0.005
    65.5539794 13.443 0.005
      36.57915 13.441 0.005
    69.5044794 13.402 0.005
    29.0027703 12.924 0.005
    29.0062003 12.902 0.005
    33.0382203  13.17 0.005
    36.9745303 13.487 0.005
    36.9779703 13.477 0.005
    69.9623397 13.371 0.005
    12.0092109 13.363 0.005
    74.0637497 13.091 0.005
    16.1106409 13.081 0.005
    53.0296703 13.536 0.005
    12.4812612 13.365 0.005
    14.5798612 12.953 0.005
    31.9934209 13.124 0.005
    46.4859606 13.117 0.005
    48.5565406 13.233 0.005
    63.0490903 13.221 0.005
     6.9643815 13.385 0.005
    50.4352306 13.383 0.005
     9.9766015  13.52 0.005
    38.9583009 13.508 0.005
      84.47319 13.376 0.005
    12.0309515 13.369 0.005
     0.5048618 12.977 0.005
0.508291799999 12.956 0.005
    46.0264909 13.122 0.005
    60.5190406 13.101 0.005
    79.8957603 13.424 0.005
    65.4100406 13.424 0.005
    67.4202806  13.53 0.005
    38.4454212 13.528 0.005
    70.4693406 13.368 0.005
    70.4727706 13.375 0.005
    73.4970906 13.065 0.005
    30.0331115 13.052 0.005
    62.0661609 13.167 0.005
    62.0706009 13.158 0.005
    80.4195306 13.474 0.005
    80.4229706 13.464 0.005
    82.3922906 13.512 0.005
    38.9283015  13.51 0.005
    71.0037209 13.312 0.005
    56.5179812 13.307 0.005
    58.4007412 12.962 0.005
     0.4476124 12.988 0.005
    30.5254418 13.089 0.005
     1.5505724 13.082 0.005
    32.5443118 13.142 0.005
    61.5260212 13.135 0.005
    76.9003709 13.192 0.005
    33.4363918 13.201 0.005
    64.4733312 13.352 0.005
    49.9876315  13.34 0.005
    23.1121821  13.52 0.005
    66.5830312 13.519 0.005
    53.9883515 13.471 0.005
    25.0134821 13.459 0.005
    13.5633224 13.154 0.005
    57.0341615 13.132 0.005
    73.4725012 13.051 0.005
    15.5193824 13.039 0.005
    46.5004118 13.129 0.005
    32.0146921 13.113 0.005
     5.0410527 13.225 0.005
    63.0010415 13.218 0.005
    21.5514924 13.394 0.005
     7.0657827 13.387 0.005
    22.4712424 13.471 0.005
    22.4746824 13.467 0.005
    67.9127615 13.526 0.005
    82.4053512 13.512 0.005
    11.9218427 13.378 0.005
    69.8818615 13.373 0.005
    43.9850021 13.012 0.005
    58.4775718 12.957 0.005
    18.0286427 13.209 0.005
      3.542953 13.175 0.005
    65.5366618 13.439 0.005
    51.0509621 13.437 0.005
    68.5049718 13.462 0.005
    54.0192721 13.458 0.005
    57.0077821 13.149 0.005
    28.0329427 13.147 0.005
     16.518853 13.099 0.005
     2.0331533 13.089 0.005
    63.8943921 13.293 0.005
    49.4087224 13.291 0.005
    67.8704621 13.528 0.005
     9.9173533 13.526 0.005
     0.4210836  12.95 0.005
    58.3811024  12.95 0.005
    65.3773324 13.429 0.005
     36.402543 13.417 0.005
    86.8536821 12.918 0.005
    86.8571421   12.9 0.005
    29.3533236 12.966 0.005
    43.8459433 12.935 0.005
    23.3846563 13.536 0.005
    67.8169054 13.511 0.005
    83.8487154 13.402 0.005
    83.8521654  13.39 0.005
    32.8742366 13.181 0.005
    47.3668363 13.158 0.005
    82.3376157  13.53 0.005
    24.3844869 13.529 0.005
    31.2740669 13.121 0.005
    60.2557963 13.097 0.005
    16.3307075 13.106 0.005
     1.8450278 13.085 0.005
    81.2833963  13.52 0.005
    55.2551469 13.381 0.005
    57.2593469 13.052 0.005
    86.2410463 13.037 0.005
    75.7289166 13.133 0.005
    39.2470675  13.49 0.005
    39.2504775 13.502 0.005
    29.8114278  13.02 0.005
    29.8148478 13.013 0.005
    61.7003272 13.144 0.005
     3.7471684 13.142 0.005
    63.8363972  13.27 0.005
    63.8397872 13.278 0.005
    66.7241272 13.515 0.005
    23.2600981 13.517 0.005
    43.8547178 12.961 0.005
    72.8364172 12.947 0.005
    61.3112075 13.163 0.005
    46.8254378 13.128 0.005
     5.3694287 13.261 0.005
    77.8185072 13.244 0.005
    81.6909472 13.533 0.005
    67.2052175 13.529 0.005
    11.3341787   13.4 0.005
    69.2941475 13.382 0.005
    58.6444978 13.017 0.005
    15.1804587 13.006 0.005
    30.8639184  13.11 0.005
    16.3781887 13.089 0.005
    19.2183187 13.218 0.005
    77.1782575 13.205 0.005
    22.2055387 13.468 0.005
    36.6980584 13.451 0.005
     12.680919 13.356 0.005
     12.687909 13.342 0.005
     0.1713393  12.94 0.005
    29.1547987 12.913 0.005
     3.2387293 13.152 0.005
    46.7095284 13.127 0.005
    77.6094878 13.241 0.005
    63.1265881 13.222 0.005
    10.2355693 13.516 0.005
     24.728089 13.503 0.005
    13.2521493 13.272 0.005
    71.2120881 13.255 0.005
     1.7533696 13.097 0.005
    59.7132884 13.082 0.005
    61.7897884 13.169 0.005
    47.3040187 13.146 0.005
    79.1983781 13.363 0.005
    79.2017381 13.356 0.005
    85.2873681 13.344 0.005
    70.8016184 13.326 0.005
     7.2407799 13.427 0.005
    79.6898684 13.405 0.005
    38.3658393 13.525 0.005
    23.8800896 13.535 0.005
    43.2267093 12.938 0.005
    86.6975184 12.899 0.005
     3.7778902 13.156 0.005
    32.7595496 13.147 0.005
     67.672679 13.539 0.005
    53.1869293 13.533 0.005
    56.2323993 13.349 0.005
    27.2574899  13.34 0.005
     73.768929 13.083 0.005
     73.772309  13.07 0.005
     77.768369 13.253 0.005
     5.3260705 13.237 0.005
    18.1809005 13.136 0.005
    32.6780002 13.143 0.005
    26.1574205 13.375 0.005
    26.1608705 13.379 0.005
    15.6632208 13.057 0.005
    71.0940099 13.278 0.005
    85.5865996 13.289 0.005
     2.1487117 13.088 0.005
     2.1521917 13.084 0.005
    13.6579247 13.132 0.005
    13.6613647 13.122 0.005
    19.6460247 13.226 0.005
    77.6060435 13.222 0.005
    38.1537344 13.526 0.005
    23.6680447 13.525 0.005
     16.109075 13.083 0.005
    45.0907744 13.082 0.005
    36.5266547 13.429 0.005
     22.040945 13.432 0.005
    67.5285741 13.529 0.005
    82.0211338 13.543 0.005
    71.5241541 13.153 0.005
    57.0384544 13.139 0.005
    74.4988341 13.113 0.005
     31.034865 13.107 0.005
    20.6328453 13.295 0.005
    49.6145447 13.303 0.005
    23.6393953 13.524 0.005
     38.131945 13.529 0.005
    27.6434553 13.286 0.005
     42.136005 13.289 0.005
     3.6591659 13.145 0.005
    61.6191047 13.144 0.005
    80.9787444 13.495 0.005
    23.0255756 13.501 0.005
    71.5647947 13.135 0.005
    71.5681947 13.142 0.005
     4.0597162 13.161 0.005
    47.5305453 13.165 0.005
     70.011455 13.373 0.005
    26.5474559 13.369 0.005
    32.6268659 13.142 0.005
     76.097685 13.144 0.005
    36.5392759 13.427 0.005
    36.5426659 13.434 0.005
    40.6158659 13.375 0.005
    59.0123856 13.056 0.005
    44.5266159 13.043 0.005
     4.0973868 13.156 0.005
    33.0790662 13.177 0.005
    80.4695953 13.461 0.005
    22.5164065 13.477 0.005
    40.0463162 13.399 0.005
    69.0279756 13.404 0.005
    86.4911353 12.966 0.005
    57.5162359 12.947 0.005
    34.5902565 13.254 0.005
     5.6153571 13.258 0.005
    51.0840762 13.435 0.005
    51.0874662 13.437 0.005
    25.0816268 13.447 0.005
    10.5958571 13.452 0.005
    13.6058171 13.125 0.005
    57.0766162 13.116 0.005
    59.9832562 13.081 0.005
    74.4757759 13.081 0.005
    77.4744059 13.209 0.005
    34.0103868  13.22 0.005
    37.0472168 13.455 0.005
     8.0723274  13.47 0.005
    69.9786162 13.371 0.005
    12.0254474 13.384 0.005
     2.5349577   13.1 0.005
     2.5383377 13.117 0.005
     6.6377277 13.334 0.005
    64.5976765 13.344 0.005
    82.0822062 13.512 0.005
    38.6181671 13.528 0.005
    56.0136568 13.352 0.005
    84.9953162 13.353 0.005
    15.6086077  13.04 0.005
    15.6119977 13.045 0.005
    49.5394571 13.279 0.005
    64.0320168 13.293 0.005
    51.5738971 13.456 0.005
    51.5773271 13.473 0.005
     12.987958 13.315 0.005
    41.9851674 13.309 0.005
     1.5716683 13.072 0.005
    45.0423874 13.072 0.005
     6.5304083 13.328 0.005
    50.0011374 13.332 0.005
    37.5092377 13.498 0.005
    58.9470374 13.039 0.005
     34.040708 13.216 0.005
     35.924368 13.376 0.005
    64.9060774 13.376 0.005
    81.4057971  13.52 0.005
     8.9635386 13.543 0.005
     43.943558 12.955 0.005
    29.4578783 12.948 0.005
    31.4464783 13.113 0.005
     45.939028 13.104 0.005
    21.9553986 13.421 0.005
    21.9588286 13.424 0.005
    10.5149989 13.453 0.005
    68.4749777 13.469 0.005
